0 0.605 0.592 0.222 0.512
0 0.309 0.5293333333333333 0.314 0.6053333333333333
3 0.245 0.8093333333333333 0.066 0.13066666666666665
3 0.04 0.8 0.076 0.2773333333333333
3 0.343 0.84 0.062 0.23466666666666666
3 0.512 0.8666666666666667 0.064 0.26666666666666666
2 0.861 0.7546666666666667 0.222 0.208
2 0.859 0.6026666666666667 0.158 0.15466666666666667
2 0.092 0.6973333333333334 0.18 0.23733333333333334
2 0.029 0.4826666666666667 0.054 0.16533333333333333
2 0.138 0.4746666666666667 0.108 0.064
18 0.501 0.9026666666666666 0.998 0.19466666666666665
