15 0.5827740492170023 0.75 0.11409395973154363 0.21794871794871795
15 0.3769574944071588 0.7323717948717948 0.11409395973154363 0.2467948717948718
15 0.4563758389261745 0.7035256410256411 0.08053691275167785 0.21474358974358973
15 0.1319910514541387 0.6266025641025641 0.08053691275167785 0.18269230769230768
15 0.05480984340044743 0.7660256410256411 0.06935123042505593 0.17307692307692307
15 0.5827740492170023 0.592948717948718 0.09172259507829977 0.12179487179487179
15 0.25279642058165547 0.6730769230769231 0.16554809843400448 0.19230769230769232
15 0.87248322147651 0.7403846153846154 0.11185682326621924 0.17307692307692307
15 0.697986577181208 0.7051282051282052 0.1297539149888143 0.1794871794871795
15 0.24049217002237136 0.7724358974358975 0.10514541387024609 0.16666666666666666
15 0.5134228187919463 0.717948717948718 0.042505592841163314 0.10897435897435898
