3 0.988 0.11866666666666667 0.024 0.232
3 0.935 0.116 0.086 0.22666666666666666
3 0.86 0.10933333333333334 0.068 0.21333333333333335
3 0.794 0.10666666666666667 0.076 0.208
3 0.725 0.11066666666666666 0.066 0.216
3 0.66 0.10533333333333333 0.072 0.20533333333333334
3 0.611 0.10533333333333333 0.062 0.20533333333333334
3 0.562 0.10266666666666667 0.04 0.2
3 0.323 0.088 0.022 0.10133333333333333
0 0.196 0.07333333333333333 0.08 0.14133333333333334
0 0.356 0.068 0.048 0.13066666666666665
18 0.501 0.6173333333333333 0.998 0.7653333333333333
