18 0.45 0.8186666666666667 0.896 0.3626666666666667
0 0.638 0.5333333333333333 0.26 0.33066666666666666
0 0.842 0.6906666666666667 0.316 0.6186666666666667
0 0.759 0.312 0.222 0.432
0 0.083 0.408 0.142 0.5653333333333334
0 0.406 0.7706666666666667 0.52 0.45866666666666667
2 0.232 0.8826666666666667 0.224 0.23466666666666666
2 0.757 0.5906666666666667 0.162 0.23733333333333334
0 0.394 0.3426666666666667 0.16 0.49866666666666665
0 0.053 0.756 0.102 0.488
3 0.725 0.6346666666666667 0.042 0.16
0 0.069 0.4226666666666667 0.134 0.5786666666666667
