0 0.251 0.588 0.094 0.3973333333333333
0 0.49 0.5826666666666667 0.084 0.3333333333333333
0 0.589 0.584 0.094 0.336
0 0.691 0.5773333333333334 0.086 0.344
0 0.855 0.49333333333333335 0.098 0.192
0 0.083 0.6226666666666667 0.082 0.424
0 0.411 0.596 0.074 0.36
0 0.164 0.5866666666666667 0.104 0.3413333333333333
2 0.153 0.8733333333333333 0.17 0.23733333333333334
2 0.319 0.8773333333333333 0.17 0.24533333333333332
2 0.501 0.8626666666666667 0.142 0.23733333333333334
2 0.65 0.8613333333333333 0.136 0.25066666666666665
2 0.871 0.912 0.166 0.176
2 0.651 0.9173333333333333 0.118 0.16533333333333333
2 0.498 0.92 0.176 0.16
2 0.277 0.9226666666666666 0.178 0.15466666666666667
2 0.076 0.92 0.148 0.16
2 0.831 0.6906666666666667 0.102 0.224
0 0.745 0.9093333333333333 0.174 0.18133333333333335
