8 0.715 0.596 0.258 0.2
8 0.388 0.588 0.192 0.17866666666666667
8 0.202 0.5746666666666667 0.144 0.152
8 0.049 0.5746666666666667 0.094 0.14133333333333334
0 0.716 0.5053333333333333 0.144 0.296
0 0.376 0.5213333333333333 0.112 0.28
0 0.189 0.5213333333333333 0.082 0.216
0 0.031 0.5013333333333333 0.058 0.16
0 0.946 0.4493333333333333 0.056 0.184
0 0.881 0.46 0.042 0.152
0 0.85 0.43733333333333335 0.036 0.17066666666666666
0 0.806 0.444 0.044 0.168
0 0.759 0.4573333333333333 0.042 0.104
0 0.629 0.46 0.03 0.15733333333333333
0 0.608 0.484 0.024 0.10933333333333334
0 0.464 0.452 0.044 0.14133333333333334
0 0.258 0.44133333333333336 0.028 0.12
0 0.228 0.408 0.024 0.05333333333333334
0 0.227 0.46 0.034 0.104
0 0.127 0.468 0.022 0.11466666666666667
0 0.106 0.468 0.024 0.11466666666666667
0 0.99 0.432 0.02 0.16
