4 0.458 0.21733333333333332 0.188 0.30666666666666664
4 0.872 0.5453333333333333 0.104 0.12
2 0.254 0.45466666666666666 0.052 0.08266666666666667
2 0.405 0.484 0.082 0.16266666666666665
2 0.326 0.6866666666666666 0.096 0.13066666666666665
2 0.205 0.6653333333333333 0.11 0.15733333333333333
2 0.549 0.5973333333333334 0.094 0.13866666666666666
2 0.654 0.7266666666666667 0.068 0.17333333333333334
2 0.472 0.8413333333333334 0.116 0.14666666666666667
2 0.582 0.884 0.096 0.072
2 0.68 0.9786666666666667 0.072 0.042666666666666665
18 0.298 0.54 0.14 0.18933333333333333
18 0.565 0.7546666666666667 0.154 0.208
