0 0.602 0.7266666666666667 0.108 0.5253333333333333
0 0.495 0.7066666666666667 0.106 0.43733333333333335
0 0.404 0.6933333333333334 0.096 0.44266666666666665
0 0.325 0.6813333333333333 0.102 0.504
0 0.04 0.6586666666666666 0.064 0.19733333333333333
0 0.1 0.6613333333333333 0.04 0.192
0 0.139 0.6626666666666666 0.046 0.19466666666666665
0 0.227 0.656 0.018 0.08
0 0.244 0.6586666666666666 0.02 0.07466666666666667
0 0.26 0.6613333333333333 0.02 0.06933333333333333
0 0.11 0.3373333333333333 0.076 0.17333333333333334
