3 0.288 0.955 0.11733333333333333 0.09
3 0.432 0.963 0.08533333333333333 0.074
3 0.5826666666666667 0.965 0.088 0.07
3 0.752 0.82 0.14933333333333335 0.332
3 0.29333333333333333 0.532 0.17066666666666666 0.364
3 0.44266666666666665 0.531 0.144 0.374
3 0.5946666666666667 0.538 0.144 0.38
3 0.76 0.535 0.144 0.374
3 0.2986666666666667 0.803 0.15466666666666667 0.322
3 0.448 0.809 0.144 0.322
3 0.29333333333333333 0.238 0.16 0.408
3 0.448 0.238 0.144 0.42
3 0.6013333333333334 0.234 0.14666666666666667 0.42
3 0.764 0.23 0.14666666666666667 0.424
