16 0.541 0.8708708708708709 0.542 0.25825825825825827
16 0.571 0.47597597597597596 0.858 0.40540540540540543
16 0.175 0.6396396396396397 0.262 0.15015015015015015
16 0.565 0.12462462462462462 0.79 0.24324324324324326
16 0.341 0.29429429429429427 0.198 0.08408408408408409
16 0.739 0.34684684684684686 0.118 0.08708708708708708
16 0.861 0.33783783783783783 0.09 0.08108108108108109
16 0.917 0.36936936936936937 0.166 0.14414414414414414
16 0.887 0.1831831831831832 0.226 0.21021021021021022
16 0.461 0.3303303303303303 0.126 0.07207207207207207
16 0.585 0.3303303303303303 0.106 0.06606606606606606
16 0.79 0.7597597597597597 0.26 0.23423423423423423
16 0.819 0.6546546546546547 0.254 0.12012012012012012
16 0.562 0.22372372372372373 0.096 0.07507507507507508
16 0.699 0.2132132132132132 0.126 0.07207207207207207
16 0.832 0.24474474474474475 0.156 0.06906906906906907
16 0.136 0.47147147147147145 0.072 0.07207207207207207
0 0.954 0.8318318318318318 0.024 0.06606606606606606
0 0.969 0.8498498498498499 0.026 0.0960960960960961
0 0.955 0.9474474474474475 0.03 0.10510510510510511
0 0.929 0.9504504504504504 0.034 0.0990990990990991
0 0.909 0.9669669669669669 0.022 0.06606606606606606
