10 0.429 0.552 0.294 0.048
10 0.357 0.508 0.054 0.034666666666666665
0 0.508 0.548 0.016 0.029333333333333333
0 0.482 0.544 0.016 0.02666666666666667
0 0.461 0.548 0.018 0.029333333333333333
0 0.437 0.544 0.014 0.02666666666666667
0 0.409 0.544 0.014 0.02666666666666667
0 0.386 0.5426666666666666 0.016 0.024
0 0.368 0.5426666666666666 0.016 0.024
0 0.348 0.54 0.016 0.024
0 0.321 0.54 0.018 0.024
0 0.348 0.5066666666666667 0.012 0.021333333333333333
0 0.362 0.5053333333333333 0.016 0.024
