0 0.815 0.8162878787878788 0.37 0.36742424242424243
0 0.86875 0.4981060606060606 0.2625 0.48863636363636365
0 0.7 0.4772727272727273 0.27 0.45454545454545453
0 0.175 0.7537878787878788 0.345 0.49242424242424243
0 0.10625 0.5965909090909091 0.2075 0.5568181818181818
0 0.36625 0.3465909090909091 0.3225 0.4053030303030303
3 0.58875 0.4640151515151515 0.0325 0.17045454545454544
3 0.56875 0.48674242424242425 0.0375 0.17803030303030304
3 0.53625 0.4564393939393939 0.0375 0.23863636363636365
0 0.45625 0.6988636363636364 0.2875 0.6022727272727273
