10 0.925 0.5904255319148937 0.106 0.5
10 0.819 0.625 0.102 0.4521276595744681
10 0.435 0.5957446808510638 0.138 0.48936170212765956
10 0.241 0.6356382978723404 0.09 0.3351063829787234
10 0.033 0.651595744680851 0.058 0.2925531914893617
10 0.503 0.6702127659574468 0.07 0.22340425531914893
10 0.686 0.6569148936170213 0.052 0.21808510638297873
10 0.619 0.6835106382978723 0.042 0.18617021276595744
10 0.424 0.6117021276595744 0.056 0.32978723404255317
10 0.293 0.6648936170212766 0.054 0.23404255319148937
10 0.362 0.7473404255319149 0.064 0.047872340425531915
10 0.768 0.6542553191489362 0.088 0.3191489361702128
10 0.74 0.648936170212766 0.068 0.30851063829787234
10 0.963 0.6648936170212766 0.066 0.23404255319148937
