0 0.48933333333333334 0.536 0.17866666666666667 0.416
11 0.11066666666666666 0.773 0.216 0.326
11 0.17066666666666666 0.577 0.22933333333333333 0.286
11 0.64 0.514 0.128 0.152
4 0.8626666666666667 0.615 0.13066666666666665 0.174
4 0.7733333333333333 0.607 0.11733333333333333 0.15
4 0.312 0.559 0.09066666666666667 0.086
4 0.3413333333333333 0.494 0.058666666666666666 0.06
4 0.3586666666666667 0.42 0.09333333333333334 0.08
0 0.424 0.418 0.048 0.092
4 0.9573333333333334 0.906 0.08533333333333333 0.188
4 0.9333333333333333 0.871 0.13333333333333333 0.15
