0 0.118 0.3293333333333333 0.232 0.6533333333333333
0 0.91 0.20666666666666667 0.128 0.32266666666666666
0 0.672 0.17733333333333334 0.096 0.25866666666666666
0 0.85 0.19466666666666665 0.032 0.112
0 0.28 0.172 0.028 0.09866666666666667
0 0.338 0.16666666666666666 0.032 0.10933333333333334
0 0.384 0.16666666666666666 0.032 0.11466666666666667
0 0.309 0.168 0.03 0.10133333333333333
0 0.44 0.17866666666666667 0.02 0.09066666666666667
0 0.465 0.17733333333333334 0.018 0.088
0 0.502 0.19333333333333333 0.024 0.06133333333333333
0 0.48 0.17066666666666666 0.016 0.07466666666666667
