4 0.93 0.7106666666666667 0.14 0.296
4 0.062 0.3893333333333333 0.12 0.224
4 0.158 0.42133333333333334 0.108 0.13333333333333333
4 0.254 0.35333333333333333 0.12 0.09333333333333334
4 0.414 0.39466666666666667 0.112 0.14933333333333335
4 0.525 0.38 0.142 0.168
4 0.656 0.408 0.072 0.096
4 0.799 0.38533333333333336 0.094 0.11466666666666667
4 0.889 0.36933333333333335 0.09 0.136
4 0.824 0.796 0.104 0.17866666666666667
4 0.755 0.7026666666666667 0.158 0.42933333333333334
4 0.69 0.86 0.068 0.152
4 0.608 0.768 0.124 0.21866666666666668
4 0.525 0.9226666666666666 0.09 0.15466666666666667
4 0.35 0.656 0.584 0.5386666666666666
4 0.146 0.928 0.12 0.144
