15 0.856 0.7627627627627628 0.148 0.14414414414414414
15 0.644 0.7162162162162162 0.156 0.15315315315315314
15 0.469 0.5900900900900901 0.042 0.03903903903903904
15 0.604 0.5720720720720721 0.028 0.03303303303303303
15 0.757 0.5540540540540541 0.05 0.057057057057057055
15 0.924 0.5330330330330331 0.06 0.057057057057057055
15 0.896 0.5180180180180181 0.028 0.04504504504504504
15 0.954 0.5075075075075075 0.036 0.036036036036036036
15 0.423 0.7087087087087087 0.114 0.1021021021021021
0 0.32 0.5015015015015015 0.636 0.996996996996997
