0 0.585 0.6466666666666666 0.114 0.7013333333333334
0 0.497 0.6546666666666666 0.11 0.536
0 0.388 0.6573333333333333 0.092 0.568
0 0.308 0.6 0.284 0.608
0 0.32 0.6066666666666667 0.068 0.5786666666666667
0 0.686 0.5493333333333333 0.08 0.09066666666666667
18 0.816 0.844 0.36 0.312
2 0.294 0.844 0.208 0.30666666666666664
2 0.244 0.8746666666666667 0.228 0.25066666666666665
4 0.09 0.6813333333333333 0.176 0.376
2 0.681 0.628 0.11 0.104
4 0.861 0.624 0.126 0.18133333333333335
2 0.886 0.8333333333333334 0.188 0.18933333333333333
0 0.43 0.6133333333333333 0.048 0.4106666666666667
