4 0.044 0.7957957957957958 0.084 0.2822822822822823
4 0.169 0.8693693693693694 0.078 0.12912912912912913
4 0.258 0.8768768768768769 0.064 0.11411411411411411
4 0.34 0.8873873873873874 0.064 0.08708708708708708
4 0.413 0.8873873873873874 0.054 0.08708708708708708
4 0.505 0.8903903903903904 0.066 0.08108108108108109
4 0.601 0.8723723723723724 0.066 0.11711711711711711
4 0.786 0.8543543543543544 0.072 0.15315315315315314
4 0.847 0.8858858858858859 0.082 0.0960960960960961
4 0.927 0.8858858858858859 0.05 0.08408408408408409
