5 0.528 0.23809523809523808 0.084 0.07738095238095238
5 0.579 0.8571428571428571 0.066 0.05952380952380952
5 0.659 0.8214285714285714 0.054 0.047619047619047616
5 0.839 0.8169642857142857 0.054 0.05654761904761905
5 0.952 0.78125 0.044 0.044642857142857144
5 0.932 0.7767857142857143 0.044 0.047619047619047616
5 0.895 0.7291666666666666 0.038 0.041666666666666664
5 0.869 0.6979166666666666 0.022 0.03273809523809524
5 0.837 0.7276785714285714 0.018 0.03869047619047619
5 0.819 0.7514880952380952 0.018 0.044642857142857144
5 0.657 0.7544642857142857 0.03 0.044642857142857144
5 0.658 0.7217261904761905 0.04 0.03869047619047619
5 0.631 0.7127976190476191 0.042 0.044642857142857144
5 0.589 0.7068452380952381 0.034 0.044642857142857144
5 0.621 0.6845238095238095 0.03 0.03571428571428571
5 0.565 0.6681547619047619 0.03 0.03869047619047619
5 0.505 0.7232142857142857 0.038 0.041666666666666664
5 0.422 0.6964285714285714 0.036 0.03571428571428571
5 0.522 0.6696428571428571 0.036 0.03571428571428571
5 0.366 0.75 0.048 0.047619047619047616
5 0.348 0.7157738095238095 0.032 0.044642857142857144
5 0.497 0.6919642857142857 0.034 0.03273809523809524
5 0.496 0.6755952380952381 0.032 0.023809523809523808
5 0.417 0.6577380952380952 0.026 0.03571428571428571
5 0.37 0.6830357142857143 0.032 0.03869047619047619
5 0.38 0.6666666666666666 0.028 0.02976190476190476
5 0.387 0.6473214285714286 0.03 0.03273809523809524
5 0.34 0.6324404761904762 0.02 0.03273809523809524
5 0.306 0.6592261904761905 0.028 0.03273809523809524
5 0.216 0.7291666666666666 0.04 0.041666666666666664
5 0.176 0.7068452380952381 0.04 0.044642857142857144
5 0.201 0.6919642857142857 0.026 0.03869047619047619
5 0.248 0.6502976190476191 0.024 0.03869047619047619
5 0.222 0.6473214285714286 0.028 0.044642857142857144
5 0.174 0.625 0.028 0.03571428571428571
5 0.036 0.6488095238095238 0.02 0.03571428571428571
5 0.067 0.6889880952380952 0.038 0.050595238095238096
5 0.121 0.6815476190476191 0.034 0.041666666666666664
5 0.119 0.6488095238095238 0.034 0.03571428571428571
5 0.095 0.6741071428571429 0.038 0.03273809523809524
5 0.09 0.6577380952380952 0.032 0.03571428571428571
5 0.294 0.6830357142857143 0.044 0.044642857142857144
