1 0.602 0.328 0.16 0.208
1 0.327 0.39466666666666667 0.202 0.21333333333333335
1 0.597 0.24266666666666667 0.166 0.15466666666666667
1 0.379 0.292 0.186 0.232
1 0.588 0.164 0.152 0.12
1 0.597 0.09066666666666667 0.114 0.13866666666666666
1 0.627 0.06666666666666667 0.11 0.128
1 0.146 0.31066666666666665 0.2 0.20533333333333334
1 0.848 0.8653333333333333 0.304 0.2693333333333333
1 0.873 0.6026666666666667 0.254 0.2826666666666667
1 0.934 0.412 0.132 0.12
1 0.912 0.38133333333333336 0.176 0.18133333333333335
1 0.886 0.296 0.172 0.21333333333333335
1 0.864 0.22666666666666666 0.152 0.16533333333333333
1 0.823 0.10266666666666667 0.138 0.2
1 0.976 0.12933333333333333 0.048 0.16266666666666665
1 0.953 0.06266666666666666 0.094 0.12
1 0.044 0.39866666666666667 0.084 0.17866666666666667
19 0.41 0.116 0.288 0.22666666666666666
11 0.15 0.8506666666666667 0.104 0.25066666666666665
11 0.523 0.5746666666666667 0.106 0.21066666666666667
11 0.271 0.276 0.062 0.11466666666666667
11 0.217 0.212 0.058 0.07733333333333334
0 0.171 0.764 0.118 0.28
0 0.521 0.5213333333333333 0.098 0.232
11 0.305 0.5546666666666666 0.118 0.18133333333333335
0 0.301 0.504 0.094 0.23466666666666666
0 0.218 0.17466666666666666 0.056 0.06666666666666667
0 0.269 0.20133333333333334 0.058 0.09333333333333334
0 0.016 0.04933333333333333 0.028 0.09333333333333334
