0 0.657 0.5386666666666666 0.23 0.17066666666666666
0 0.623 0.56 0.066 0.112
0 0.462 0.5493333333333333 0.1 0.16
0 0.32 0.656 0.152 0.448
0 0.957 0.6786666666666666 0.086 0.22666666666666666
0 0.938 0.5546666666666666 0.124 0.18666666666666668
2 0.803 0.8626666666666667 0.202 0.27466666666666667
2 0.618 0.8186666666666667 0.176 0.304
2 0.475 0.8466666666666667 0.194 0.30666666666666664
18 0.551 0.74 0.506 0.2853333333333333
4 0.138 0.5373333333333333 0.06 0.06666666666666667
0 0.827 0.7293333333333333 0.222 0.456
