0 0.744 0.5333333333333333 0.512 0.5973333333333334
0 0.224 0.49733333333333335 0.444 0.5573333333333333
18 0.501 0.872 0.998 0.256
0 0.553 0.5253333333333333 0.202 0.5066666666666667
0 0.51 0.30133333333333334 0.192 0.33066666666666666
0 0.246 0.264 0.076 0.29333333333333333
0 0.271 0.2853333333333333 0.122 0.2986666666666667
0 0.631 0.3933333333333333 0.07 0.152
0 0.976 0.348 0.048 0.088
0 0.398 0.38133333333333336 0.052 0.15466666666666667
0 0.314 0.44133333333333336 0.076 0.14133333333333334
