8 0.163 0.55420054200542 0.322 0.4146341463414634
8 0.487 0.5609756097560976 0.51 0.6070460704607046
8 0.724 0.6327913279132791 0.44 0.6802168021680217
0 0.507 0.4268292682926829 0.286 0.7289972899728997
1 0.778 0.037940379403794036 0.104 0.05420054200542006
1 0.937 0.03387533875338753 0.07 0.051490514905149054
3 0.86 0.5934959349593496 0.088 0.0921409214092141
3 0.715 0.47560975609756095 0.03 0.056910569105691054
3 0.435 0.3794037940379404 0.058 0.0921409214092141
3 0.029 0.4905149051490515 0.054 0.0975609756097561
