1 0.158 0.4159159159159159 0.312 0.19519519519519518
9 0.465 0.6756756756756757 0.394 0.5945945945945946
0 0.514 0.4774774774774775 0.148 0.5285285285285285
1 0.747 0.3483483483483483 0.082 0.04804804804804805
9 0.748 0.5045045045045045 0.116 0.2822822822822823
0 0.803 0.38738738738738737 0.038 0.08408408408408409
0 0.833 0.3708708708708709 0.042 0.1111111111111111
9 0.886 0.5855855855855856 0.228 0.3663663663663664
0 0.827 0.6021021021021021 0.09 0.38738738738738737
0 0.938 0.487987987987988 0.124 0.33933933933933935
