2 0.34 0.18 0.172 0.3546666666666667
2 0.156 0.284 0.112 0.09333333333333334
2 0.267 0.2613333333333333 0.094 0.096
2 0.032 0.384 0.06 0.13333333333333333
2 0.308 0.772 0.6 0.456
2 0.151 0.7253333333333334 0.298 0.5493333333333333
2 0.654 0.7493333333333333 0.32 0.5013333333333333
2 0.811 0.6813333333333333 0.25 0.488
2 0.899 0.508 0.13 0.25866666666666666
2 0.697 0.3413333333333333 0.266 0.31466666666666665
2 0.492 0.44133333333333336 0.292 0.38666666666666666
2 0.111 0.492 0.174 0.168
2 0.534 0.2853333333333333 0.204 0.256
2 0.344 0.37866666666666665 0.236 0.336
18 0.231 0.368 0.362 0.128
