10 0.5 0.683 0.6097560975609756 0.066
10 0.5894308943089431 0.853 0.7560975609756098 0.102
10 0.7127371273712737 0.771 0.13550135501355012 0.034
10 0.6287262872628726 0.446 0.1951219512195122 0.036
10 0.6056910569105691 0.539 0.07317073170731707 0.018
10 0.481029810298103 0.472 0.1111111111111111 0.02
10 0.9281842818428184 0.454 0.1002710027100271 0.024
10 0.8089430894308943 0.457 0.12195121951219512 0.018
10 0.14363143631436315 0.489 0.05420054200542006 0.014
10 0.06097560975609756 0.468 0.04607046070460705 0.016
