6 0.301 0.6167979002624672 0.554 0.5144356955380578
0 0.681 0.5183727034120735 0.638 0.5590551181102362
1 0.501 0.589238845144357 0.998 0.821522309711286
1 0.616 0.21391076115485563 0.768 0.3753280839895013
1 0.387 0.024934383202099737 0.082 0.04461942257217848
1 0.463 0.024934383202099737 0.082 0.04461942257217848
1 0.548 0.023622047244094488 0.072 0.04199475065616798
1 0.66 0.01706036745406824 0.076 0.028871391076115485
1 0.75 0.02230971128608924 0.068 0.03937007874015748
1 0.897 0.015748031496062992 0.078 0.026246719160104987
1 0.957 0.01968503937007874 0.054 0.03412073490813648
1 0.986 0.02230971128608924 0.028 0.03937007874015748
