0 0.773 0.6613333333333333 0.306 0.6773333333333333
0 0.841 0.396 0.11 0.2693333333333333
0 0.667 0.38666666666666666 0.154 0.25066666666666665
0 0.167 0.5933333333333334 0.254 0.6373333333333333
0 0.262 0.4613333333333333 0.152 0.30933333333333335
0 0.358 0.432 0.172 0.29333333333333333
2 0.335 0.876 0.322 0.248
2 0.824 0.7906666666666666 0.292 0.4186666666666667
2 0.028 0.7173333333333334 0.052 0.30933333333333335
3 0.585 0.5773333333333334 0.038 0.18933333333333333
3 0.42 0.492 0.032 0.11466666666666667
18 0.415 0.7333333333333333 0.558 0.5333333333333333
