10 0.221 0.6737160120845922 0.082 0.09063444108761329
10 0.274 0.6661631419939577 0.064 0.045317220543806644
10 0.466 0.649546827794562 0.096 0.07250755287009064
10 0.622 0.6737160120845922 0.096 0.06042296072507553
10 0.697 0.6465256797583081 0.086 0.07250755287009064
10 0.934 0.6525679758308157 0.096 0.06042296072507553
5 0.352 0.8141993957703928 0.016 0.021148036253776436
5 0.416 0.8429003021148036 0.02 0.02416918429003021
5 0.467 0.8096676737160121 0.022 0.030211480362537766
5 0.366 0.8368580060422961 0.012 0.02416918429003021
