2 0.925 0.4146666666666667 0.05 0.06133333333333333
2 0.922 0.424 0.032 0.048
2 0.962 0.56 0.076 0.25066666666666665
2 0.824 0.48 0.048 0.09066666666666667
2 0.921 0.616 0.102 0.2613333333333333
2 0.975 0.5693333333333334 0.05 0.04533333333333334
2 0.821 0.6813333333333333 0.17 0.32266666666666666
2 0.864 0.812 0.228 0.376
2 0.711 0.6866666666666666 0.13 0.3546666666666667
2 0.722 0.7626666666666667 0.136 0.3413333333333333
2 0.88 0.8186666666666667 0.24 0.3626666666666667
2 0.74 0.9373333333333334 0.06 0.12533333333333332
2 0.492 0.988 0.176 0.024
2 0.076 0.988 0.108 0.024
18 0.961 0.5026666666666667 0.078 0.19466666666666665
18 0.916 0.5746666666666667 0.168 0.25866666666666666
18 0.811 0.736 0.294 0.39466666666666667
18 0.366 0.8586666666666667 0.48 0.2826666666666667
0 0.567 0.7133333333333334 0.282 0.5733333333333334
2 0.684 0.6933333333333334 0.024 0.08
0 0.47 0.38533333333333336 0.128 0.4026666666666667
