3 0.02 0.7533333333333333 0.036 0.14133333333333334
3 0.047 0.7506666666666667 0.042 0.14666666666666667
3 0.075 0.752 0.046 0.144
3 0.106 0.7493333333333333 0.04 0.144
3 0.134 0.7506666666666667 0.036 0.14133333333333334
3 0.166 0.7493333333333333 0.04 0.144
3 0.194 0.7466666666666667 0.036 0.144
3 0.222 0.744 0.036 0.144
3 0.251 0.748 0.038 0.14133333333333334
3 0.281 0.744 0.038 0.144
3 0.311 0.74 0.038 0.14666666666666667
3 0.342 0.7386666666666667 0.036 0.144
3 0.371 0.74 0.034 0.14133333333333334
3 0.399 0.7386666666666667 0.038 0.144
3 0.428 0.7373333333333333 0.032 0.14666666666666667
3 0.457 0.736 0.034 0.144
3 0.488 0.7373333333333333 0.036 0.14666666666666667
3 0.643 0.20533333333333334 0.034 0.11733333333333333
0 0.57 0.6 0.656 0.8
0 0.9 0.7186666666666667 0.2 0.5626666666666666
