13 0.6010416666666667 0.24722222222222223 0.09375 0.09444444444444444
3 0.746875 0.3597222222222222 0.022916666666666665 0.09722222222222222
3 0.7666666666666667 0.3763888888888889 0.020833333333333332 0.06944444444444445
3 0.78125 0.35555555555555557 0.020833333333333332 0.08888888888888889
3 0.8010416666666667 0.3638888888888889 0.022916666666666665 0.09444444444444444
3 0.8270833333333333 0.375 0.016666666666666666 0.07777777777777778
3 0.840625 0.3763888888888889 0.014583333333333334 0.06388888888888888
3 0.9072916666666667 0.3736111111111111 0.022916666666666665 0.075
3 0.9229166666666667 0.37916666666666665 0.0125 0.06388888888888888
3 0.890625 0.37222222222222223 0.014583333333333334 0.07222222222222222
3 0.8802083333333334 0.37083333333333335 0.010416666666666666 0.06388888888888888
3 0.8541666666666666 0.3611111111111111 0.0125 0.05555555555555555
3 0.8666666666666667 0.3736111111111111 0.0125 0.06388888888888888
3 0.9375 0.25555555555555554 0.020833333333333332 0.07777777777777778
2 0.5760416666666667 0.7055555555555556 0.11041666666666666 0.3111111111111111
2 0.34270833333333334 0.8472222222222222 0.16458333333333333 0.17777777777777778
2 0.3458333333333333 0.8777777777777778 0.24166666666666667 0.12777777777777777
2 0.7979166666666667 0.8319444444444445 0.24583333333333332 0.33611111111111114
18 0.984375 0.8652777777777778 0.03125 0.18055555555555555
18 0.55625 0.8166666666666667 0.24166666666666667 0.36666666666666664
18 0.32708333333333334 0.9513888888888888 0.4666666666666667 0.09722222222222222
0 0.421875 0.75 0.3145833333333333 0.5
0 0.6395833333333333 0.6986111111111111 0.35 0.5138888888888888
