18 0.392 0.8213333333333334 0.576 0.35733333333333334
2 0.876 0.7973333333333333 0.192 0.4053333333333333
2 0.134 0.872 0.264 0.256
0 0.714 0.6906666666666667 0.356 0.6186666666666667
0 0.654 0.6093333333333333 0.216 0.30666666666666664
0 0.637 0.6186666666666667 0.198 0.384
0 0.583 0.5106666666666667 0.126 0.264
0 0.508 0.49333333333333335 0.08 0.16533333333333333
0 0.388 0.492 0.156 0.2
0 0.267 0.508 0.118 0.216
0 0.339 0.36933333333333335 0.182 0.20533333333333334
0 0.415 0.37866666666666665 0.126 0.288
0 0.528 0.37066666666666664 0.336 0.304
0 0.641 0.36133333333333334 0.158 0.23733333333333334
0 0.133 0.372 0.214 0.328
0 0.185 0.5586666666666666 0.15 0.2906666666666667
0 0.098 0.6253333333333333 0.192 0.408
3 0.458 0.596 0.052 0.17866666666666667
3 0.342 0.5933333333333334 0.048 0.10933333333333334
3 0.298 0.5693333333333334 0.056 0.152
3 0.39 0.672 0.044 0.19733333333333333
3 0.336 0.7186666666666667 0.036 0.152
2 0.032 0.5706666666666667 0.06 0.176
