10 0.493993993993994 0.501 0.7537537537537538 0.71
10 0.1891891891891892 0.777 0.06006006006006006 0.014
10 0.04354354354354354 0.78 0.08108108108108109 0.02
10 0.9069069069069069 0.763 0.07807807807807808 0.042
10 0.7147147147147147 0.697 0.1021021021021021 0.198
10 0.19519519519519518 0.811 0.25825825825825827 0.034
0 0.3858858858858859 0.8 0.03303303303303303 0.036
0 0.41291291291291293 0.8 0.03303303303303303 0.028
0 0.45795795795795796 0.801 0.04504504504504504 0.026
10 0.9819819819819819 0.788 0.036036036036036036 0.016
0 0.18768768768768768 0.796 0.02702702702702703 0.036
