18 0.799 0.7027027027027027 0.402 0.46846846846846846
2 0.652 0.5960960960960962 0.116 0.2852852852852853
2 0.698 0.6456456456456456 0.124 0.3183183183183183
2 0.771 0.7012012012012012 0.146 0.3813813813813814
2 0.915 0.6936936936936937 0.166 0.35435435435435436
2 0.805 0.4864864864864865 0.05 0.06006006006006006
2 0.594 0.5330330330330331 0.084 0.2012012012012012
2 0.321 0.5675675675675675 0.098 0.16816816816816818
2 0.311 0.43243243243243246 0.078 0.07807807807807808
7 0.463 0.5075075075075075 0.154 0.18018018018018017
7 0.128 0.5075075075075075 0.152 0.21021021021021022
2 0.211 0.7462462462462462 0.206 0.35735735735735735
2 0.847 0.6471471471471472 0.11 0.3213213213213213
