0 0.806 0.8225 0.128 0.355
0 0.647 0.8275 0.134 0.345
0 0.486 0.81375 0.144 0.3725
0 0.142 0.66125 0.048 0.0775
0 0.371 0.845 0.098 0.31
0 0.207 0.64 0.058 0.05
0 0.123 0.6325 0.046 0.065
10 0.285 0.31875 0.086 0.3875
10 0.591 0.4475 0.13 0.155
10 0.948 0.49125 0.104 0.0625
0 0.975 0.4575 0.026 0.045
0 0.939 0.46 0.03 0.055
0 0.914 0.47625 0.032 0.0325
10 0.971 0.37 0.058 0.06
10 0.678 0.5 0.056 0.025
0 0.91 0.4775 0.016 0.025
10 0.77 0.36875 0.06 0.0325
10 0.842 0.36875 0.044 0.0225
10 0.884 0.3675 0.044 0.03
10 0.923 0.36375 0.042 0.0325
