5 0.71 0.6866666666666666 0.076 0.17866666666666667
5 0.364 0.692 0.192 0.136
5 0.426 0.5266666666666666 0.156 0.11466666666666667
5 0.167 0.516 0.15 0.13066666666666665
5 0.876 0.184 0.16 0.13333333333333333
5 0.381 0.37733333333333335 0.194 0.10933333333333334
5 0.24 0.30133333333333334 0.164 0.10666666666666667
5 0.036 0.344 0.068 0.13333333333333333
5 0.048 0.7066666666666667 0.092 0.12266666666666666
5 0.52 0.8586666666666667 0.156 0.20266666666666666
5 0.776 0.4573333333333333 0.076 0.136
5 0.945 0.6266666666666667 0.11 0.06933333333333333
5 0.545 0.092 0.102 0.104
