0 0.471 0.41291291291291293 0.126 0.1831831831831832
0 0.225 0.7072072072072072 0.366 0.5855855855855856
0 0.217 0.44894894894894893 0.11 0.3033033033033033
0 0.768 0.5255255255255256 0.144 0.4744744744744745
0 0.626 0.6126126126126126 0.204 0.6306306306306306
2 0.194 0.8393393393393394 0.34 0.3213213213213213
2 0.635 0.7807807807807807 0.214 0.43243243243243246
2 0.762 0.6711711711711712 0.08 0.40540540540540543
2 0.05 0.6036036036036037 0.096 0.13213213213213212
18 0.416 0.7552552552552553 0.38 0.4894894894894895
