8 0.8138888888888889 0.7851851851851852 0.3277777777777778 0.28888888888888886
8 0.3861111111111111 0.8574074074074074 0.3888888888888889 0.2851851851851852
8 0.19444444444444445 0.8962962962962963 0.3277777777777778 0.2074074074074074
8 0.05138888888888889 0.6555555555555556 0.09722222222222222 0.17037037037037037
0 0.19722222222222222 0.7425925925925926 0.2833333333333333 0.5148148148148148
0 0.41805555555555557 0.7129629629629629 0.175 0.5740740740740741
0 0.7958333333333333 0.6592592592592592 0.18055555555555555 0.4
0 0.9236111111111112 0.6092592592592593 0.06944444444444445 0.23333333333333334
0 0.06111111111111111 0.5851851851851851 0.10555555555555556 0.2518518518518518
0 0.30972222222222223 0.5574074074074075 0.04722222222222222 0.18888888888888888
0 0.2708333333333333 0.4722222222222222 0.05277777777777778 0.08518518518518518
0 0.3402777777777778 0.5 0.019444444444444445 0.06666666666666667
