18 0.641 0.7546666666666667 0.63 0.49066666666666664
0 0.374 0.6786666666666666 0.516 0.6426666666666667
0 0.343 0.36666666666666664 0.07 0.14666666666666667
0 0.87 0.652 0.26 0.6213333333333333
0 0.735 0.476 0.23 0.32266666666666666
0 0.681 0.43866666666666665 0.13 0.31733333333333336
0 0.435 0.37866666666666665 0.19 0.2826666666666667
3 0.517 0.5213333333333333 0.046 0.15733333333333333
2 0.075 0.8466666666666667 0.074 0.30666666666666664
2 0.125 0.808 0.038 0.14933333333333335
2 0.159 0.592 0.046 0.12266666666666666
2 0.372 0.7813333333333333 0.072 0.144
2 0.972 0.8373333333333334 0.056 0.3253333333333333
0 0.034 0.784 0.064 0.432
