2 0.084 0.8693333333333333 0.164 0.2613333333333333
2 0.299 0.7386666666666667 0.174 0.2986666666666667
2 0.723 0.8053333333333333 0.174 0.3466666666666667
2 0.675 0.6213333333333333 0.122 0.21333333333333335
2 0.915 0.6253333333333333 0.138 0.232
2 0.967 0.6613333333333333 0.066 0.17066666666666666
18 0.464 0.8146666666666667 0.26 0.31733333333333336
0 0.985 0.592 0.03 0.10666666666666667
0 0.829 0.6106666666666667 0.174 0.29333333333333333
0 0.655 0.548 0.086 0.12
0 0.518 0.5066666666666667 0.084 0.30933333333333335
0 0.424 0.5133333333333333 0.084 0.2906666666666667
0 0.071 0.4653333333333333 0.094 0.312
0 0.151 0.472 0.098 0.304
0 0.073 0.8026666666666666 0.142 0.39466666666666667
0 0.684 0.7293333333333333 0.232 0.472
0 0.324 0.7013333333333334 0.168 0.352
