10 0.181 0.8693693693693694 0.238 0.1111111111111111
10 0.035 0.8693693693693694 0.066 0.0990990990990991
10 0.4 0.8753753753753754 0.152 0.0990990990990991
10 0.568 0.8783783783783784 0.148 0.09309309309309309
10 0.698 0.8753753753753754 0.148 0.10510510510510511
10 0.88 0.8783783783783784 0.2 0.1111111111111111
16 0.328 0.3783783783783784 0.1 0.09009009009009009
16 0.294 0.30930930930930933 0.104 0.0960960960960961
16 0.347 0.27177177177177175 0.102 0.09309309309309309
16 0.385 0.33483483483483484 0.106 0.0990990990990991
