0 0.485 0.312874251497006 0.102 0.3502994011976048
0 0.776 0.5134730538922155 0.288 0.4041916167664671
0 0.761 0.5973053892215568 0.418 0.5179640718562875
0 0.571 0.5598802395209581 0.19 0.49700598802395207
0 0.411 0.5673652694610778 0.17 0.5898203592814372
0 0.202 0.6751497005988024 0.38 0.6497005988023952
18 0.625 0.8817365269461078 0.75 0.23652694610778444
0 0.901 0.42664670658682635 0.106 0.1467065868263473
0 0.833 0.3712574850299401 0.062 0.11976047904191617
0 0.052 0.46407185628742514 0.036 0.10778443113772455
0 0.18 0.5239520958083832 0.356 0.718562874251497
