10 0.145 0.47297297297297297 0.286 0.93993993993994
10 0.401 0.8228228228228228 0.234 0.26426426426426425
10 0.744 0.4984984984984985 0.512 0.990990990990991
10 0.498 0.6141141141141141 0.036 0.2912912912912913
10 0.355 0.6366366366366366 0.022 0.12612612612612611
10 0.379 0.6576576576576577 0.018 0.08408408408408409
10 0.765 0.6981981981981982 0.05 0.11711711711711711
0 0.452 0.7777777777777778 0.044 0.14414414414414414
0 0.369 0.7777777777777778 0.038 0.14414414414414414
0 0.023 0.8003003003003003 0.042 0.08708708708708708
