10 0.865 0.5333333333333333 0.094 0.09066666666666667
10 0.842 0.508 0.016 0.024
10 0.856 0.5066666666666667 0.012 0.021333333333333333
10 0.863 0.5013333333333333 0.01 0.021333333333333333
10 0.806 0.504 0.012 0.021333333333333333
10 0.766 0.484 0.06 0.034666666666666665
10 0.497 0.5346666666666666 0.118 0.136
10 0.25 0.5106666666666667 0.06 0.06133333333333333
10 0.078 0.5106666666666667 0.044 0.050666666666666665
10 0.614 0.5253333333333333 0.064 0.058666666666666666
10 0.478 0.512 0.036 0.042666666666666665
10 0.45 0.5053333333333333 0.036 0.034666666666666665
10 0.538 0.492 0.04 0.024
10 0.56 0.4826666666666667 0.044 0.032
