0 0.668 0.7493333333333333 0.02 0.07466666666666667
0 0.717 0.7346666666666667 0.018 0.056
0 0.727 0.732 0.014 0.056
0 0.738 0.7253333333333334 0.02 0.058666666666666666
0 0.602 0.7213333333333334 0.028 0.04533333333333334
0 0.185 0.7226666666666667 0.026 0.05333333333333334
1 0.849 0.7786666666666666 0.302 0.18133333333333335
1 0.95 0.8533333333333334 0.1 0.11733333333333333
1 0.603 0.808 0.27 0.144
1 0.077 0.78 0.15 0.2906666666666667
1 0.164 0.7386666666666667 0.076 0.05333333333333334
1 0.337 0.844 0.67 0.312
