15 0.835 0.46266666666666667 0.066 0.19466666666666665
15 0.477 0.37066666666666664 0.054 0.05333333333333334
15 0.505 0.384 0.054 0.048
15 0.568 0.3893333333333333 0.056 0.05333333333333334
15 0.659 0.4053333333333333 0.082 0.05333333333333334
15 0.399 0.36 0.042 0.02666666666666667
15 0.139 0.4693333333333333 0.078 0.16
15 0.137 0.444 0.13 0.14666666666666667
15 0.211 0.464 0.082 0.18133333333333335
15 0.29 0.44666666666666666 0.148 0.17866666666666667
15 0.369 0.45466666666666666 0.07 0.184
15 0.38 0.37066666666666664 0.18 0.06933333333333333
15 0.473 0.492 0.202 0.2
15 0.609 0.5133333333333333 0.182 0.23733333333333334
15 0.74 0.49733333333333335 0.096 0.23733333333333334
15 0.668 0.5293333333333333 0.192 0.2693333333333333
15 0.759 0.38 0.046 0.04
15 0.624 0.372 0.04 0.029333333333333333
