0 0.146 0.41435768261964734 0.128 0.3501259445843829
0 0.237 0.3677581863979849 0.086 0.3778337531486146
0 0.402 0.29848866498740556 0.08 0.2795969773299748
0 0.125 0.6775818639798489 0.17 0.37279596977329976
0 0.263 0.6826196473551638 0.162 0.4181360201511335
0 0.299 0.4508816120906801 0.126 0.2216624685138539
0 0.43 0.5617128463476071 0.132 0.4181360201511335
0 0.559 0.5340050377833753 0.146 0.41309823677581864
0 0.327 0.28967254408060455 0.102 0.26700251889168763
0 0.484 0.27581863979848864 0.096 0.2695214105793451
