0 0.038 0.22266666666666668 0.072 0.136
0 0.387 0.30933333333333335 0.17 0.512
0 0.543 0.344 0.182 0.42133333333333334
0 0.696 0.24666666666666667 0.156 0.22666666666666666
0 0.143 0.684 0.194 0.632
0 0.289 0.4493333333333333 0.166 0.296
0 0.48 0.43066666666666664 0.172 0.25866666666666666
0 0.692 0.444 0.236 0.30666666666666664
0 0.849 0.6746666666666666 0.282 0.6506666666666666
18 0.47 0.7653333333333333 0.848 0.432
3 0.149 0.2946666666666667 0.014 0.034666666666666665
3 0.197 0.2946666666666667 0.018 0.04
3 0.184 0.2946666666666667 0.016 0.034666666666666665
3 0.172 0.2906666666666667 0.012 0.032
3 0.161 0.28933333333333333 0.01 0.029333333333333333
