18 0.49895833333333334 0.7320872274143302 0.9895833333333334 0.5233644859813084
4 0.634375 0.5451713395638629 0.19791666666666666 0.3426791277258567
4 0.25104166666666666 0.6277258566978193 0.18541666666666667 0.3333333333333333
0 0.8510416666666667 0.29283489096573206 0.14791666666666667 0.4797507788161994
0 0.665625 0.29439252336448596 0.16875 0.27102803738317754
0 0.7010416666666667 0.27414330218068533 0.07708333333333334 0.2118380062305296
2 0.16041666666666668 0.40031152647975077 0.058333333333333334 0.20249221183800623
2 0.7479166666666667 0.3302180685358255 0.025 0.11838006230529595
2 0.5791666666666667 0.3442367601246106 0.1 0.1277258566978193
2 0.35833333333333334 0.37850467289719625 0.1 0.20249221183800623
2 0.25833333333333336 0.3629283489096573 0.10833333333333334 0.22118380062305296
2 0.08020833333333334 0.38161993769470404 0.07291666666666667 0.24610591900311526
2 0.051041666666666666 0.45950155763239875 0.09791666666666667 0.13395638629283488
2 0.5177083333333333 0.40965732087227413 0.10208333333333333 0.09034267912772585
18 0.42083333333333334 0.31931464174454827 0.32083333333333336 0.1277258566978193
18 0.06041666666666667 0.3909657320872274 0.11666666666666667 0.17757009345794392
