0 0.621 0.6626666666666666 0.118 0.4613333333333333
0 0.487 0.7573333333333333 0.074 0.336
0 0.789 0.68 0.062 0.29333333333333333
0 0.836 0.6213333333333333 0.08 0.3626666666666667
0 0.885 0.644 0.058 0.328
0 0.283 0.5173333333333333 0.086 0.3253333333333333
0 0.37 0.6813333333333333 0.108 0.408
9 0.313 0.7066666666666667 0.45 0.48
9 0.74 0.6253333333333333 0.116 0.3333333333333333
1 0.877 0.476 0.058 0.04533333333333334
1 0.8 0.4746666666666667 0.052 0.05333333333333334
1 0.735 0.48133333333333334 0.054 0.04533333333333334
1 0.675 0.472 0.074 0.05333333333333334
1 0.682 0.44666666666666666 0.056 0.034666666666666665
1 0.566 0.45466666666666666 0.076 0.04
