19 0.396 0.635 0.19466666666666665 0.118
19 0.44533333333333336 0.735 0.336 0.17
1 0.5 0.799 0.15733333333333333 0.07
1 0.692 0.697 0.104 0.042
1 0.7546666666666667 0.664 0.09066666666666667 0.044
1 0.8933333333333333 0.57 0.064 0.036
1 0.948 0.557 0.06133333333333333 0.034
1 0.984 0.546 0.032 0.032
0 0.42933333333333334 0.92 0.037333333333333336 0.064
0 0.44133333333333336 0.907 0.034666666666666665 0.058
0 0.6186666666666667 0.984 0.042666666666666665 0.032
0 0.652 0.973 0.04533333333333334 0.054
0 0.7213333333333334 0.984 0.04533333333333334 0.032
0 0.684 0.99 0.04 0.02
