7 0.376 0.8213333333333334 0.748 0.35733333333333334
7 0.504 0.6933333333333334 0.556 0.3253333333333333
7 0.92 0.6706666666666666 0.16 0.2906666666666667
2 0.181 0.5813333333333334 0.114 0.24
2 0.041 0.5586666666666666 0.078 0.18933333333333333
2 0.544 0.48933333333333334 0.068 0.09866666666666667
2 0.568 0.4866666666666667 0.06 0.104
2 0.434 0.5133333333333333 0.068 0.104
2 0.398 0.484 0.052 0.09333333333333334
2 0.302 0.4786666666666667 0.08 0.072
18 0.396 0.5266666666666666 0.36 0.072
2 0.115 0.5466666666666666 0.09 0.13866666666666666
