2 0.635 0.5187265917602997 0.11 0.250936329588015
2 0.05625 0.898876404494382 0.1075 0.20224719101123595
2 0.965 0.8838951310861424 0.07 0.23220973782771537
0 0.75875 0.6797752808988764 0.3675 0.6404494382022472
0 0.255 0.6910112359550562 0.335 0.6179775280898876
0 0.50875 0.4681647940074906 0.2825 0.4344569288389513
3 0.38875 0.8408239700374532 0.0625 0.21348314606741572
3 0.41125 0.6460674157303371 0.0375 0.13857677902621723
3 0.43 0.6142322097378277 0.03 0.1198501872659176
18 0.47875 0.8127340823970037 0.4425 0.37453183520599254
