6 0.102 0.6057441253263708 0.2 0.37597911227154046
6 0.373 0.5966057441253264 0.314 0.4046997389033943
0 0.687 0.5169712793733682 0.214 0.34464751958224543
0 0.743 0.4177545691906005 0.194 0.6161879895561357
0 0.915 0.4621409921671018 0.146 0.4908616187989556
0 0.134 0.5326370757180157 0.12 0.3342036553524804
0 0.505 0.5195822454308094 0.074 0.1618798955613577
0 0.274 0.38642297650130547 0.056 0.0835509138381201
0 0.409 0.4007832898172324 0.05 0.09660574412532637
0 0.427 0.40600522193211486 0.03 0.09138381201044386
