5 0.896 0.512779552715655 0.116 0.22044728434504793
5 0.872 0.4217252396166134 0.064 0.14057507987220447
5 0.804 0.34185303514376997 0.144 0.10862619808306709
5 0.631 0.43929712460063897 0.142 0.23322683706070288
5 0.569 0.3306709265175719 0.074 0.13099041533546327
5 0.46 0.3913738019169329 0.104 0.16932907348242812
5 0.105 0.22523961661341854 0.066 0.1501597444089457
5 0.224 0.329073482428115 0.116 0.17891373801916932
5 0.315 0.2779552715654952 0.13 0.12140575079872204
5 0.197 0.25878594249201275 0.042 0.08306709265175719
