1 0.8866666666666667 0.125 0.04 0.022
1 0.7946666666666666 0.121 0.042666666666666665 0.018
1 0.37333333333333335 0.132 0.06933333333333333 0.02
1 0.208 0.223 0.13333333333333333 0.07
8 0.9213333333333333 0.226 0.024 0.024
0 0.15466666666666667 0.257 0.096 0.166
0 0.9186666666666666 0.201 0.018666666666666668 0.022
0 0.31466666666666665 0.374 0.19733333333333333 0.436
0 0.8973333333333333 0.215 0.018666666666666668 0.07
0 0.492 0.219 0.12533333333333332 0.13
0 0.876 0.21 0.034666666666666665 0.076
0 0.5893333333333334 0.387 0.208 0.558
0 0.768 0.368 0.2613333333333333 0.576
0 0.848 0.341 0.176 0.438
3 0.8893333333333333 0.41 0.06133333333333333 0.08
