10 0.194 0.548 0.296 0.5413333333333333
10 0.602 0.5866666666666667 0.268 0.592
10 0.624 0.212 0.32 0.10933333333333334
0 0.73 0.18133333333333335 0.04 0.10133333333333333
10 0.041 0.45866666666666667 0.078 0.19733333333333333
10 0.961 0.49866666666666665 0.078 0.35733333333333334
0 0.951 0.34933333333333333 0.046 0.06933333333333333
10 0.851 0.64 0.23 0.64
0 0.778 0.6 0.092 0.176
0 0.926 0.6306666666666667 0.096 0.168
0 0.905 0.48 0.07 0.13333333333333333
0 0.919 0.5466666666666666 0.078 0.128
0 0.769 0.5426666666666666 0.082 0.13066666666666665
0 0.758 0.5066666666666667 0.064 0.11733333333333333
