18 0.747 0.8653333333333333 0.506 0.2693333333333333
2 0.204 0.8173333333333334 0.404 0.36533333333333334
2 0.919 0.6546666666666666 0.098 0.184
18 0.465 0.544 0.09 0.06933333333333333
0 0.099 0.41733333333333333 0.118 0.36
4 0.597 0.29733333333333334 0.018 0.04
4 0.568 0.2853333333333333 0.036 0.064
4 0.47 0.284 0.076 0.072
2 0.712 0.6506666666666666 0.344 0.18666666666666668
0 0.297 0.4186666666666667 0.058 0.06933333333333333
0 0.769 0.4093333333333333 0.038 0.056
0 0.515 0.4266666666666667 0.058 0.12266666666666666
0 0.544 0.5066666666666667 0.16 0.3626666666666667
0 0.706 0.49733333333333335 0.244 0.49333333333333335
0 0.291 0.6506666666666666 0.418 0.6986666666666667
4 0.168 0.47733333333333333 0.064 0.144
