1 0.968 0.5266666666666666 0.02 0.029333333333333333
1 0.944 0.528 0.032 0.037333333333333336
1 0.905 0.5333333333333333 0.046 0.042666666666666665
1 0.871 0.5293333333333333 0.018 0.04533333333333334
19 0.519 0.508 0.686 0.6746666666666666
0 0.613 0.45866666666666667 0.07 0.10666666666666667
1 0.1 0.6093333333333333 0.188 0.14666666666666667
1 0.024 0.632 0.044 0.14933333333333335
0 0.353 0.42533333333333334 0.102 0.136
0 0.413 0.448 0.066 0.144
0 0.924 0.7453333333333333 0.056 0.216
0 0.974 0.7066666666666667 0.052 0.31466666666666665
0 0.993 0.5586666666666666 0.014 0.09866666666666667
1 0.868 0.5893333333333334 0.02 0.08533333333333333
