18 0.525 0.668 0.406 0.2693333333333333
2 0.474 0.9 0.244 0.2
0 0.705 0.7253333333333334 0.318 0.35733333333333334
2 0.71 0.8573333333333333 0.232 0.2853333333333333
0 0.877 0.6 0.106 0.256
2 0.89 0.7386666666666667 0.072 0.2773333333333333
2 0.271 0.832 0.202 0.33066666666666666
0 0.306 0.6426666666666667 0.316 0.352
0 0.506 0.464 0.08 0.13866666666666666
0 0.682 0.5333333333333333 0.112 0.18666666666666668
0 0.245 0.5466666666666666 0.114 0.208
0 0.36 0.48933333333333334 0.096 0.14133333333333334
0 0.649 0.49733333333333335 0.102 0.15733333333333333
3 0.44 0.568 0.02 0.09066666666666667
3 0.35 0.5253333333333333 0.02 0.06933333333333333
0 0.289 0.5386666666666666 0.138 0.224
2 0.153 0.616 0.042 0.208
