9 0.832 0.7192192192192193 0.08 0.2912912912912913
9 0.723 0.7417417417417418 0.106 0.24624624624624625
0 0.82 0.503003003003003 0.1 0.15315315315315314
0 0.718 0.545045045045045 0.092 0.14114114114114115
0 0.394 0.8213213213213213 0.056 0.11711711711711711
0 0.209 0.8063063063063063 0.062 0.15915915915915915
0 0.097 0.8153153153153153 0.062 0.15315315315315314
1 0.396 0.8333333333333334 0.272 0.09309309309309309
1 0.628 0.8183183183183184 0.292 0.10510510510510511
1 0.837 0.7942942942942943 0.202 0.14714714714714713
