18 0.293 0.6814516129032258 0.09 0.09946236559139784
0 0.215 0.8131720430107527 0.126 0.3521505376344086
0 0.351 0.6881720430107527 0.09 0.13978494623655913
0 0.413 0.8239247311827957 0.174 0.3521505376344086
0 0.453 0.6653225806451613 0.046 0.07795698924731183
0 0.514 0.7634408602150538 0.108 0.25806451612903225
18 0.313 0.7943548387096774 0.158 0.07258064516129033
18 0.487 0.614247311827957 0.058 0.06720430107526881
0 0.578 0.5967741935483871 0.048 0.11827956989247312
0 0.565 0.7110215053763441 0.098 0.30376344086021506
0 0.632 0.6948924731182796 0.06 0.28763440860215056
0 0.703 0.6948924731182796 0.094 0.2768817204301075
18 0.604 0.7540322580645161 0.084 0.19623655913978494
0 0.986 0.4771505376344086 0.028 0.08333333333333333
0 0.805 0.5846774193548387 0.046 0.051075268817204304
0 0.768 0.6330645161290323 0.072 0.1532258064516129
0 0.838 0.6276881720430108 0.06 0.12096774193548387
0 0.954 0.5618279569892473 0.06 0.08064516129032258
0 0.962 0.6088709677419355 0.076 0.12634408602150538
0 0.939 0.6236559139784946 0.106 0.12365591397849462
1 0.865 0.5443548387096774 0.27 0.10483870967741936
18 0.849 0.6411290322580645 0.134 0.07258064516129033
18 0.897 0.7271505376344086 0.206 0.08333333333333333
18 0.863 0.885752688172043 0.274 0.22849462365591397
