0 0.539 0.26 0.118 0.248
0 0.599 0.2986666666666667 0.058 0.144
0 0.655 0.32133333333333336 0.066 0.09866666666666667
0 0.779 0.5426666666666666 0.222 0.696
0 0.246 0.5213333333333333 0.268 0.7813333333333333
0 0.485 0.5226666666666666 0.266 0.6986666666666667
6 0.096 0.8506666666666667 0.18 0.256
6 0.266 0.8053333333333333 0.176 0.2613333333333333
6 0.441 0.792 0.178 0.2773333333333333
6 0.579 0.7186666666666667 0.174 0.44533333333333336
6 0.71 0.8146666666666667 0.172 0.296
1 0.974 0.3546666666666667 0.052 0.064
1 0.84 0.3586666666666667 0.052 0.050666666666666665
1 0.123 0.3333333333333333 0.066 0.05333333333333334
