5 0.09 0.3888888888888889 0.052 0.08888888888888889
5 0.105 0.3472222222222222 0.07 0.08333333333333333
5 0.234 0.5361111111111111 0.056 0.09444444444444444
5 0.381 0.5416666666666666 0.066 0.11666666666666667
5 0.473 0.7277777777777777 0.058 0.08888888888888889
5 0.498 0.6944444444444444 0.06 0.1111111111111111
5 0.653 0.7222222222222222 0.058 0.14444444444444443
5 0.797 0.49166666666666664 0.062 0.11666666666666667
5 0.721 0.36666666666666664 0.07 0.1
5 0.648 0.5611111111111111 0.068 0.08888888888888889
