3 0.032 0.756 0.06 0.3333333333333333
3 0.078 0.736 0.092 0.3253333333333333
3 0.14 0.712 0.1 0.33066666666666666
3 0.214 0.696 0.088 0.30933333333333335
3 0.288 0.6693333333333333 0.092 0.336
3 0.352 0.6573333333333333 0.108 0.328
3 0.425 0.6333333333333333 0.098 0.3333333333333333
3 0.503 0.6146666666666667 0.086 0.3333333333333333
3 0.583 0.5893333333333334 0.102 0.336
3 0.662 0.5706666666666667 0.104 0.3466666666666667
3 0.738 0.5293333333333333 0.096 0.37066666666666664
3 0.829 0.508 0.098 0.37066666666666664
3 0.913 0.4866666666666667 0.098 0.376
3 0.977 0.44666666666666666 0.046 0.408
