3 0.296 0.592 0.144 0.5866666666666667
3 0.43 0.5573333333333333 0.124 0.5546666666666666
3 0.542 0.5226666666666666 0.124 0.5333333333333333
3 0.636 0.4573333333333333 0.096 0.49866666666666665
3 0.725 0.4826666666666667 0.17 0.496
3 0.238 0.508 0.108 0.5626666666666666
3 0.369 0.30266666666666664 0.106 0.20533333333333334
3 0.489 0.27466666666666667 0.086 0.17066666666666666
3 0.729 0.24133333333333334 0.094 0.12533333333333332
3 0.023 0.212 0.042 0.4186666666666667
3 0.105 0.2 0.162 0.39466666666666667
3 0.1 0.5626666666666666 0.14 0.3466666666666667
3 0.025 0.5986666666666667 0.046 0.33866666666666667
3 0.028 0.8986666666666666 0.052 0.20266666666666666
3 0.103 0.8653333333333333 0.13 0.2693333333333333
3 0.297 0.9426666666666667 0.11 0.11466666666666667
3 0.412 0.932 0.108 0.136
3 0.517 0.9226666666666666 0.094 0.15466666666666667
3 0.616 0.8986666666666666 0.088 0.20266666666666666
3 0.696 0.888 0.108 0.224
3 0.788 0.8666666666666667 0.092 0.26666666666666666
