18 0.675 0.9144385026737968 0.418 0.1711229946524064
2 0.403 0.9799465240641712 0.122 0.040106951871657755
2 0.472 0.8743315508021391 0.12 0.25133689839572193
4 0.741 0.6176470588235294 0.386 0.40641711229946526
4 0.236 0.6403743315508021 0.104 0.3235294117647059
2 0.394 0.6671122994652406 0.124 0.19518716577540107
2 0.551 0.6671122994652406 0.122 0.18983957219251338
7 0.463 0.5334224598930482 0.174 0.10962566844919786
4 0.451 0.5374331550802139 0.054 0.11764705882352941
4 0.568 0.49866310160427807 0.04 0.034759358288770054
2 0.253 0.6256684491978609 0.134 0.18181818181818182
2 0.287 0.5909090909090909 0.11 0.15508021390374332
4 0.31 0.4879679144385027 0.104 0.15775401069518716
