3 0.9813333333333333 0.741 0.037333333333333336 0.066
3 0.956 0.721 0.088 0.094
3 0.9173333333333333 0.716 0.096 0.084
3 0.876 0.71 0.09866666666666667 0.084
3 0.8333333333333334 0.709 0.10933333333333334 0.074
3 0.9706666666666667 0.846 0.058666666666666666 0.084
3 0.9453333333333334 0.842 0.09333333333333334 0.084
3 0.9053333333333333 0.834 0.09866666666666667 0.08
3 0.86 0.828 0.10933333333333334 0.08
3 0.8226666666666667 0.822 0.104 0.072
3 0.8413333333333334 0.94 0.10933333333333334 0.08
