13 0.413 0.31981981981981983 0.11 0.21921921921921922
13 0.377 0.6321321321321322 0.154 0.24324324324324326
13 0.24 0.7492492492492493 0.088 0.14114114114114115
13 0.219 0.9459459459459459 0.102 0.10810810810810811
13 0.576 0.9369369369369369 0.116 0.12612612612612611
13 0.317 0.9114114114114115 0.086 0.15315315315315314
13 0.713 0.93993993993994 0.222 0.12012012012012012
13 0.871 0.2012012012012012 0.202 0.2702702702702703
13 0.849 0.8183183183183184 0.186 0.23723723723723725
13 0.969 0.8243243243243243 0.062 0.24924924924924924
