13 0.36 0.6013333333333334 0.128 0.11466666666666667
13 0.46 0.7586666666666667 0.164 0.13066666666666665
13 0.761 0.72 0.142 0.128
13 0.964 0.6093333333333333 0.072 0.04533333333333334
13 0.813 0.44533333333333336 0.054 0.05333333333333334
13 0.309 0.5146666666666667 0.098 0.08
13 0.472 0.508 0.092 0.072
13 0.576 0.584 0.108 0.096
13 0.399 0.464 0.046 0.064
13 0.291 0.2693333333333333 0.046 0.048
13 0.473 0.24666666666666667 0.038 0.04
13 0.055 0.23733333333333334 0.05 0.048
13 0.371 0.424 0.062 0.058666666666666666
13 0.774 0.56 0.092 0.08
13 0.617 0.4786666666666667 0.086 0.08266666666666667
