1 0.821 0.07866666666666666 0.046 0.050666666666666665
2 0.745 0.23733333333333334 0.098 0.08533333333333333
2 0.516 0.2853333333333333 0.064 0.15466666666666667
2 0.44 0.33066666666666666 0.084 0.20266666666666666
2 0.349 0.4 0.082 0.24533333333333332
2 0.226 0.4693333333333333 0.132 0.25066666666666665
2 0.054 0.6133333333333333 0.096 0.352
2 0.878 0.372 0.18 0.25333333333333335
2 0.884 0.42933333333333334 0.192 0.26666666666666666
2 0.854 0.5426666666666666 0.228 0.38133333333333336
2 0.813 0.7173333333333334 0.306 0.5226666666666666
2 0.751 0.8293333333333334 0.386 0.336
18 0.425 0.6373333333333333 0.842 0.7146666666666667
