2 0.645 0.5930930930930931 0.07 0.021021021021021023
2 0.801 0.6441441441441441 0.066 0.08108108108108109
2 0.802 0.8033033033033034 0.044 0.26126126126126126
2 0.725 0.8273273273273273 0.118 0.2672672672672673
2 0.663 0.8708708708708709 0.178 0.25825825825825827
2 0.486 0.924924924924925 0.18 0.15015015015015015
2 0.248 0.8813813813813813 0.216 0.23723723723723725
0 0.523 0.45495495495495497 0.034 0.10510510510510511
0 0.581 0.487987987987988 0.102 0.24324324324324326
0 0.525 0.56006006006006 0.078 0.13513513513513514
3 0.649 0.5735735735735735 0.018 0.06006006006006006
3 0.605 0.6321321321321322 0.026 0.0990990990990991
3 0.488 0.6486486486486487 0.024 0.10810810810810811
0 0.409 0.5855855855855856 0.09 0.18618618618618618
0 0.317 0.7282282282282282 0.142 0.4174174174174174
0 0.275 0.7762762762762763 0.23 0.44744744744744747
0 0.92 0.36786786786786785 0.04 0.03903903903903904
0 0.907 0.6321321321321322 0.186 0.7357357357357357
4 0.916 0.515015015015015 0.168 0.96996996996997
18 0.538 0.8003003003003003 0.52 0.3993993993993994
