13 0.06 0.30266666666666664 0.116 0.21066666666666667
13 0.162 0.29333333333333333 0.144 0.192
13 0.296 0.31066666666666665 0.144 0.184
13 0.435 0.288 0.146 0.19733333333333333
13 0.569 0.30933333333333335 0.126 0.16533333333333333
13 0.72 0.2786666666666667 0.164 0.2
13 0.877 0.26266666666666666 0.158 0.19466666666666665
13 0.983 0.28 0.034 0.21333333333333335
13 0.053 0.448 0.102 0.16
13 0.164 0.4746666666666667 0.144 0.18666666666666668
13 0.298 0.468 0.132 0.14133333333333334
13 0.435 0.456 0.146 0.17066666666666666
13 0.567 0.48 0.126 0.176
13 0.698 0.468 0.152 0.19466666666666665
13 0.846 0.44666666666666666 0.144 0.17866666666666667
13 0.972 0.47733333333333333 0.056 0.192
13 0.037 0.5973333333333334 0.07 0.18133333333333335
13 0.14 0.612 0.144 0.184
13 0.282 0.6293333333333333 0.132 0.192
13 0.415 0.612 0.15 0.18933333333333333
13 0.562 0.6213333333333333 0.148 0.176
13 0.717 0.6266666666666667 0.158 0.19733333333333333
13 0.86 0.604 0.136 0.2
13 0.978 0.6346666666666667 0.044 0.208
13 0.056 0.7906666666666666 0.108 0.19466666666666665
13 0.185 0.78 0.182 0.17333333333333334
13 0.389 0.756 0.17 0.22133333333333333
13 0.541 0.7746666666666666 0.138 0.18933333333333333
13 0.697 0.7906666666666666 0.142 0.184
13 0.846 0.772 0.164 0.14666666666666667
13 0.965 0.8 0.07 0.16
13 0.043 0.9066666666666666 0.082 0.058666666666666666
13 0.17 0.9013333333333333 0.172 0.10666666666666667
13 0.353 0.9106666666666666 0.17 0.10933333333333334
13 0.537 0.932 0.17 0.136
13 0.713 0.9493333333333334 0.186 0.10133333333333333
13 0.709 0.92 0.13 0.11733333333333333
13 0.867 0.952 0.122 0.096
13 0.968 0.8946666666666667 0.064 0.04
