18 0.477 0.796 0.534 0.408
2 0.545 0.8373333333333334 0.17 0.3253333333333333
2 0.223 0.8293333333333334 0.25 0.3413333333333333
0 0.832 0.7133333333333334 0.256 0.5733333333333334
0 0.745 0.536 0.134 0.192
0 0.626 0.508 0.128 0.2
0 0.454 0.5146666666666667 0.12 0.17066666666666666
0 0.284 0.532 0.152 0.16266666666666665
0 0.179 0.7133333333333334 0.202 0.5093333333333333
2 0.204 0.4266666666666667 0.084 0.14933333333333335
2 0.181 0.5346666666666666 0.066 0.12
2 0.105 0.8853333333333333 0.114 0.22933333333333333
2 0.038 0.6413333333333333 0.072 0.216
0 0.046 0.7773333333333333 0.088 0.44533333333333336
4 0.749 0.37466666666666665 0.242 0.34933333333333333
4 0.085 0.38133333333333336 0.034 0.06933333333333333
