18 0.568 0.7653333333333333 0.38 0.4693333333333333
0 0.947 0.6506666666666666 0.106 0.48533333333333334
0 0.618 0.6253333333333333 0.28 0.7493333333333333
2 0.654 0.716 0.364 0.568
0 0.254 0.62 0.504 0.76
4 0.477 0.15333333333333332 0.118 0.30133333333333334
3 0.212 0.23066666666666666 0.06 0.264
3 0.171 0.25866666666666666 0.058 0.224
3 0.078 0.2786666666666667 0.052 0.232
3 0.066 0.176 0.064 0.208
3 0.137 0.18266666666666667 0.018 0.07733333333333334
3 0.142 0.15066666666666667 0.028 0.10933333333333334
3 0.165 0.14133333333333334 0.03 0.10133333333333333
3 0.224 0.19866666666666666 0.048 0.24266666666666667
