0 0.848 0.24 0.136 0.288
0 0.879 0.5493333333333333 0.166 0.3626666666666667
0 0.926 0.7306666666666667 0.148 0.5386666666666666
0 0.756 0.4746666666666667 0.156 0.31466666666666665
0 0.592 0.48933333333333334 0.192 0.264
0 0.458 0.608 0.28 0.512
0 0.263 0.5453333333333333 0.27 0.41333333333333333
3 0.335 0.7013333333333334 0.046 0.21866666666666668
3 0.795 0.7893333333333333 0.046 0.2613333333333333
18 0.701 0.8066666666666666 0.402 0.38666666666666666
18 0.399 0.828 0.462 0.344
7 0.326 0.5893333333333334 0.548 0.4
