2 0.954 0.7386666666666667 0.092 0.12266666666666666
2 0.944 0.9133333333333333 0.112 0.17333333333333334
2 0.08 0.8946666666666667 0.156 0.20533333333333334
0 0.313 0.5506666666666666 0.314 0.8986666666666666
0 0.552 0.5413333333333333 0.348 0.9173333333333333
0 0.642 0.5453333333333333 0.54 0.9093333333333333
0 0.056 0.7853333333333333 0.108 0.42933333333333334
0 0.095 0.6706666666666666 0.126 0.20533333333333334
0 0.942 0.632 0.116 0.26666666666666666
0 0.891 0.6013333333333334 0.058 0.104
