0 0.418 0.356951871657754 0.152 0.232620320855615
0 0.342 0.47192513368983957 0.192 0.4037433155080214
0 0.639 0.48663101604278075 0.198 0.42245989304812837
0 0.65 0.7232620320855615 0.6 0.553475935828877
0 0.15 0.7005347593582888 0.296 0.5989304812834224
0 0.439 0.7005347593582888 0.39 0.5989304812834224
4 0.721 0.446524064171123 0.114 0.18181818181818182
2 0.959 0.6617647058823529 0.082 0.21122994652406418
2 0.972 0.6403743315508021 0.056 0.21122994652406418
4 0.897 0.27807486631016043 0.106 0.1657754010695187
