0 0.498 0.48408488063660476 0.224 0.506631299734748
0 0.038 0.3395225464190981 0.072 0.38726790450928383
0 0.075 0.19363395225464192 0.146 0.3819628647214854
0 0.251 0.09549071618037135 0.106 0.1856763925729443
0 0.265 0.05570291777188329 0.138 0.10610079575596817
0 0.424 0.129973474801061 0.116 0.2546419098143236
0 0.606 0.04509283819628647 0.072 0.08488063660477453
0 0.884 0.34350132625994695 0.16 0.3952254641909814
0 0.864 0.29708222811671087 0.272 0.4880636604774536
0 0.927 0.6087533156498673 0.146 0.7824933687002652
0 0.969 0.05570291777188329 0.062 0.10610079575596817
