18 0.486 0.8146666666666667 0.508 0.37066666666666664
2 0.368 0.8226666666666667 0.228 0.3546666666666667
2 0.56 0.8093333333333333 0.184 0.38133333333333336
2 0.717 0.764 0.17 0.4186666666666667
2 0.258 0.6986666666666667 0.068 0.352
2 0.386 0.5786666666666667 0.092 0.096
2 0.553 0.5813333333333334 0.098 0.11733333333333333
0 0.605 0.44266666666666665 0.03 0.021333333333333333
0 0.537 0.476 0.078 0.08266666666666667
2 0.611 0.4866666666666667 0.07 0.08266666666666667
2 0.519 0.49066666666666664 0.07 0.11733333333333333
