1 0.16041666666666668 0.7222222222222222 0.07916666666666666 0.08333333333333333
0 0.31979166666666664 0.7111111111111111 0.035416666666666666 0.09444444444444444
0 0.35833333333333334 0.7138888888888889 0.029166666666666667 0.08888888888888889
0 0.73125 0.7513888888888889 0.029166666666666667 0.06944444444444445
0 0.5875 0.7472222222222222 0.016666666666666666 0.05555555555555555
0 0.603125 0.7513888888888889 0.014583333333333334 0.04722222222222222
1 0.19270833333333334 0.7069444444444445 0.03958333333333333 0.058333333333333334
1 0.21354166666666666 0.7055555555555556 0.01875 0.022222222222222223
1 0.234375 0.7 0.01875 0.022222222222222223
0 0.26666666666666666 0.7013888888888888 0.004166666666666667 0.019444444444444445
0 0.27395833333333336 0.7027777777777777 0.00625 0.016666666666666666
1 0.2604166666666667 0.7013888888888888 0.0125 0.013888888888888888
