2 0.782 0.895017793594306 0.296 0.2099644128113879
2 0.099 0.8665480427046264 0.098 0.2669039145907473
18 0.304 0.891459074733096 0.412 0.21708185053380782
2 0.216 0.9697508896797153 0.22 0.060498220640569395
2 0.387 0.7740213523131673 0.142 0.046263345195729534
3 0.227 0.04804270462633452 0.018 0.08896797153024912
3 0.206 0.04448398576512456 0.016 0.08185053380782918
3 0.183 0.04448398576512456 0.022 0.08185053380782918
3 0.161 0.042704626334519574 0.022 0.07829181494661921
3 0.137 0.037366548042704624 0.022 0.06761565836298933
3 0.314 0.45373665480427045 0.016 0.06761565836298933
3 0.486 0.49644128113879005 0.012 0.07473309608540925
3 0.471 0.4875444839857651 0.014 0.05693950177935943
