2 0.614 0.5635838150289018 0.772 0.8728323699421965
2 0.456 0.48988439306358383 0.82 0.8526011560693642
2 0.207 0.1777456647398844 0.41 0.34971098265895956
2 0.125 0.17052023121387283 0.246 0.3352601156069364
2 0.329 0.3554913294797688 0.654 0.7052023121387283
2 0.044 0.0953757225433526 0.084 0.18497109826589594
0 0.199 0.38583815028901736 0.394 0.5346820809248555
0 0.315 0.1777456647398844 0.49 0.2976878612716763
0 0.341 0.3872832369942196 0.622 0.6127167630057804
0 0.445 0.47832369942196534 0.626 0.7485549132947977
0 0.658 0.5592485549132948 0.592 0.8815028901734104
