2 0.907 0.588 0.066 0.13066666666666665
2 0.947 0.6133333333333333 0.086 0.18133333333333335
2 0.534 0.5306666666666666 0.068 0.10133333333333333
2 0.663 0.528 0.046 0.10666666666666667
2 0.048 0.592 0.092 0.17066666666666666
0 0.756 0.5093333333333333 0.12 0.15466666666666667
0 0.625 0.5106666666666667 0.13 0.152
0 0.499 0.5133333333333333 0.094 0.14133333333333334
0 0.402 0.5093333333333333 0.104 0.16533333333333333
0 0.293 0.5093333333333333 0.114 0.15466666666666667
2 0.025 0.6106666666666667 0.046 0.176
