15 0.694 0.6106666666666667 0.168 0.3466666666666667
15 0.524 0.5893333333333334 0.224 0.304
15 0.774 0.12266666666666666 0.032 0.032
15 0.582 0.124 0.044 0.029333333333333333
15 0.378 0.12666666666666668 0.04 0.034666666666666665
15 0.262 0.13066666666666665 0.036 0.032
15 0.979 0.11866666666666667 0.042 0.029333333333333333
15 0.605 0.12666666666666668 0.042 0.018666666666666668
15 0.682 0.11333333333333333 0.036 0.024
15 0.745 0.124 0.034 0.034666666666666665
15 0.721 0.12133333333333333 0.022 0.029333333333333333
