2 0.0625 0.8981132075471698 0.12 0.19622641509433963
2 0.9775 0.9226415094339623 0.045 0.1471698113207547
0 0.845 0.4660377358490566 0.29 0.6
0 0.82625 0.7716981132075472 0.2775 0.45660377358490567
0 0.545 0.7433962264150943 0.235 0.44528301886792454
0 0.255 0.730188679245283 0.295 0.539622641509434
0 0.12125 0.48867924528301887 0.2375 0.7132075471698113
0 0.3175 0.37169811320754714 0.225 0.5169811320754717
0 0.5975 0.49056603773584906 0.22 0.5433962264150943
4 0.72375 0.4660377358490566 0.1925 0.44150943396226416
