2 0.161 0.8853333333333333 0.318 0.224
3 0.045 0.43466666666666665 0.05 0.26666666666666666
3 0.093 0.4826666666666667 0.042 0.16533333333333333
3 0.156 0.49333333333333335 0.032 0.15466666666666667
3 0.207 0.49733333333333335 0.034 0.15733333333333333
3 0.245 0.49466666666666664 0.034 0.15733333333333333
3 0.379 0.5093333333333333 0.034 0.13333333333333333
3 0.337 0.5053333333333333 0.03 0.14666666666666667
3 0.291 0.5026666666666667 0.026 0.14666666666666667
0 0.72 0.5253333333333333 0.56 0.9493333333333334
