15 0.022 0.7223719676549866 0.04 0.1778975741239892
15 0.232 0.7075471698113207 0.084 0.12129380053908356
15 0.623 0.8113207547169812 0.11 0.15633423180592992
15 0.69 0.8153638814016172 0.064 0.13746630727762804
15 0.746 0.7924528301886793 0.096 0.1509433962264151
15 0.929 0.9245283018867925 0.138 0.1509433962264151
15 0.808 0.8194070080862533 0.084 0.10242587601078167
15 0.881 0.7654986522911051 0.086 0.15633423180592992
15 0.817 0.7196765498652291 0.122 0.11320754716981132
6 0.553 0.5916442048517521 0.142 0.18059299191374664
