14 0.698 0.48717948717948717 0.24 0.5567765567765568
14 0.528 0.5476190476190477 0.332 0.5824175824175825
14 0.381 0.48717948717948717 0.286 0.5128205128205128
14 0.783 0.29853479853479853 0.078 0.3626373626373626
14 0.863 0.3131868131868132 0.11 0.38461538461538464
14 0.954 0.29304029304029305 0.08 0.38095238095238093
5 0.029 0.4908424908424908 0.03 0.06593406593406594
5 0.117 0.7948717948717948 0.062 0.18315018315018314
5 0.342 0.5934065934065934 0.056 0.17582417582417584
5 0.262 0.8040293040293041 0.068 0.19413919413919414
5 0.174 0.6117216117216118 0.088 0.14652014652014653
