1 0.96 0.5568513119533528 0.08 0.19825072886297376
0 0.079 0.7740524781341108 0.142 0.4518950437317784
0 0.355 0.6166180758017493 0.11 0.5102040816326531
0 0.468 0.6880466472303207 0.148 0.5189504373177842
0 0.641 0.7361516034985423 0.102 0.521865889212828
0 0.775 0.7230320699708455 0.166 0.5539358600583091
0 0.961 0.7886297376093294 0.078 0.3294460641399417
0 0.91 0.6603498542274052 0.072 0.30612244897959184
2 0.286 0.9052478134110787 0.116 0.18950437317784258
2 0.472 0.922740524781341 0.2 0.15451895043731778
2 0.88 0.9037900874635568 0.16 0.1924198250728863
2 0.96 0.8775510204081632 0.08 0.24489795918367346
18 0.615 0.8848396501457726 0.202 0.2303206997084548
18 0.841 0.8046647230320699 0.054 0.1749271137026239
