10 0.513 0.372 0.094 0.034666666666666665
10 0.405 0.38 0.078 0.056
10 0.109 0.5626666666666666 0.214 0.096
10 0.16 0.5306666666666666 0.316 0.10666666666666667
10 0.178 0.524 0.352 0.12
0 0.237 0.54 0.118 0.6586666666666666
3 0.292 0.5453333333333333 0.044 0.06666666666666667
0 0.41 0.6586666666666666 0.164 0.24
0 0.54 0.776 0.244 0.2826666666666667
0 0.577 0.6213333333333333 0.226 0.21866666666666668
0 0.745 0.6093333333333333 0.142 0.4026666666666667
0 0.666 0.6186666666666667 0.084 0.15466666666666667
0 0.821 0.48933333333333334 0.03 0.09333333333333334
0 0.896 0.5053333333333333 0.036 0.13066666666666665
0 0.924 0.49866666666666665 0.036 0.128
0 0.843 0.5013333333333333 0.042 0.11733333333333333
