3 0.7586666666666667 0.296 0.072 0.124
18 0.5013333333333333 0.69 0.9973333333333333 0.62
3 0.18266666666666667 0.295 0.14133333333333334 0.21
3 0.508 0.32 0.08266666666666667 0.212
3 0.31733333333333336 0.285 0.08 0.198
3 0.42933333333333334 0.311 0.08 0.202
3 0.352 0.277 0.05333333333333334 0.186
3 0.264 0.272 0.08 0.156
3 0.39066666666666666 0.283 0.04 0.178
3 0.48933333333333334 0.231 0.09866666666666667 0.118
3 0.39066666666666666 0.21 0.088 0.096
3 0.64 0.304 0.05333333333333334 0.076
3 0.6866666666666666 0.31 0.04 0.072
