4 0.279 0.5435435435435435 0.054 0.12012012012012012
4 0.102 0.5465465465465466 0.064 0.13213213213213212
4 0.057 0.536036036036036 0.054 0.1111111111111111
4 0.206 0.5375375375375375 0.044 0.11411411411411411
4 0.398 0.5135135135135135 0.044 0.05405405405405406
4 0.352 0.515015015015015 0.044 0.08108108108108109
4 0.829 0.527027027027027 0.034 0.06306306306306306
4 0.798 0.5225225225225225 0.036 0.06006006006006006
4 0.747 0.5255255255255256 0.034 0.07207207207207207
4 0.62 0.5255255255255256 0.056 0.09009009009009009
4 0.553 0.509009009009009 0.05 0.057057057057057055
4 0.437 0.496996996996997 0.026 0.057057057057057055
4 0.48 0.5435435435435435 0.04 0.08408408408408409
