1 0.687 0.595166163141994 0.266 0.2054380664652568
1 0.234 0.7145015105740181 0.464 0.46827794561933533
1 0.37 0.552870090634441 0.244 0.15709969788519637
1 0.516 0.5045317220543807 0.14 0.07854984894259819
1 0.199 0.46676737160120846 0.102 0.06948640483383686
1 0.795 0.5332326283987915 0.05 0.0755287009063444
1 0.064 0.4561933534743202 0.124 0.06646525679758308
1 0.474 0.486404833836858 0.088 0.06646525679758308
1 0.985 0.5483383685800605 0.03 0.0755287009063444
1 0.768 0.49395770392749244 0.084 0.05740181268882175
19 0.726 0.459214501510574 0.184 0.09667673716012085
