4 0.787 0.3413333333333333 0.262 0.39466666666666667
2 0.704 0.8053333333333333 0.24 0.3893333333333333
0 0.636 0.5133333333333333 0.176 0.28
0 0.347 0.6813333333333333 0.222 0.6
0 0.169 0.432 0.082 0.26666666666666666
0 0.204 0.4053333333333333 0.024 0.048
0 0.236 0.44533333333333336 0.048 0.11733333333333333
0 0.273 0.41733333333333333 0.046 0.050666666666666665
0 0.321 0.4106666666666667 0.034 0.05333333333333334
0 0.405 0.428 0.038 0.09333333333333334
0 0.437 0.416 0.022 0.037333333333333336
0 0.467 0.42933333333333334 0.038 0.06933333333333333
0 0.547 0.424 0.058 0.09066666666666667
2 0.281 0.7826666666666666 0.274 0.43466666666666665
2 0.948 0.8293333333333334 0.104 0.3413333333333333
2 0.965 0.5866666666666667 0.07 0.144
2 0.776 0.576 0.112 0.13866666666666666
2 0.05 0.5106666666666667 0.052 0.14133333333333334
2 0.106 0.5 0.052 0.13066666666666665
2 0.23 0.49733333333333335 0.056 0.11466666666666667
2 0.413 0.4653333333333333 0.026 0.07733333333333334
3 0.54 0.5386666666666666 0.04 0.16
3 0.494 0.488 0.02 0.064
