13 0.119 0.672514619883041 0.126 0.1695906432748538
2 0.108 0.8713450292397661 0.148 0.2573099415204678
7 0.759 0.8289473684210527 0.482 0.34210526315789475
2 0.032 0.75 0.056 0.15497076023391812
4 0.037 0.6564327485380117 0.066 0.23684210526315788
4 0.34 0.3684210526315789 0.032 0.10526315789473684
4 0.376 0.36403508771929827 0.044 0.1023391812865497
4 0.411 0.36988304093567254 0.042 0.09064327485380116
4 0.485 0.34649122807017546 0.058 0.05555555555555555
4 0.55 0.34649122807017546 0.044 0.06725146198830409
4 0.621 0.3611111111111111 0.058 0.10818713450292397
4 0.673 0.35526315789473684 0.054 0.10818713450292397
4 0.695 0.5087719298245614 0.038 0.07017543859649122
4 0.649 0.49122807017543857 0.062 0.1111111111111111
4 0.612 0.489766081871345 0.04 0.10818713450292397
4 0.333 0.49122807017543857 0.034 0.1111111111111111
4 0.369 0.5043859649122807 0.03 0.0847953216374269
4 0.393 0.5116959064327485 0.022 0.05847953216374269
4 0.42 0.49853801169590645 0.028 0.0847953216374269
4 0.339 0.6081871345029239 0.046 0.10526315789473684
4 0.349 0.6286549707602339 0.026 0.07017543859649122
4 0.416 0.6096491228070176 0.028 0.09649122807017543
4 0.465 0.4692982456140351 0.03 0.06725146198830409
4 0.489 0.4546783625730994 0.03 0.09649122807017543
4 0.523 0.45614035087719296 0.034 0.09941520467836257
4 0.552 0.46345029239766083 0.032 0.07894736842105263
4 0.471 0.6008771929824561 0.046 0.1608187134502924
4 0.508 0.6345029239766082 0.04 0.08771929824561403
4 0.545 0.6052631578947368 0.054 0.0935672514619883
4 0.661 0.6096491228070176 0.042 0.09064327485380116
4 0.614 0.6081871345029239 0.044 0.09941520467836257
4 0.636 0.6140350877192983 0.04 0.09941520467836257
