2 0.872 0.8906666666666667 0.248 0.21866666666666668
2 0.127 0.8306666666666667 0.25 0.33866666666666667
18 0.496 0.7106666666666667 0.472 0.5786666666666667
0 0.831 0.6506666666666666 0.338 0.6986666666666667
0 0.785 0.5266666666666666 0.186 0.42933333333333334
0 0.689 0.456 0.114 0.304
0 0.62 0.368 0.096 0.22933333333333333
0 0.385 0.39466666666666667 0.074 0.14933333333333335
0 0.318 0.45066666666666666 0.092 0.24533333333333332
0 0.234 0.5253333333333333 0.136 0.432
0 0.136 0.6146666666666667 0.268 0.6053333333333333
