2 0.676 0.6186666666666667 0.056 0.18133333333333335
2 0.617 0.5333333333333333 0.046 0.12266666666666666
2 0.233 0.6413333333333333 0.066 0.17333333333333334
2 0.277 0.5586666666666666 0.054 0.152
2 0.337 0.42933333333333334 0.026 0.096
2 0.348 0.39866666666666667 0.024 0.072
2 0.367 0.36666666666666664 0.022 0.04
2 0.537 0.4053333333333333 0.038 0.112
18 0.465 0.7346666666666667 0.642 0.5306666666666666
18 0.442 0.4146666666666667 0.188 0.12533333333333332
18 0.869 0.436 0.262 0.19466666666666665
18 0.041 0.4533333333333333 0.078 0.13866666666666666
2 0.018 0.4573333333333333 0.032 0.12
0 0.102 0.6693333333333333 0.2 0.6613333333333333
0 0.851 0.6493333333333333 0.298 0.6373333333333333
