3 0.492 0.8783783783783784 0.056 0.23723723723723725
3 0.396 0.6861861861861862 0.068 0.21921921921921922
3 0.317 0.6876876876876877 0.118 0.16816816816816818
3 0.139 0.9099099099099099 0.062 0.17417417417417416
3 0.316 0.9039039039039038 0.044 0.1921921921921922
2 0.831 0.9069069069069069 0.122 0.17417417417417416
2 0.049 0.7942942942942943 0.094 0.17717717717717718
18 0.365 0.8783783783783784 0.726 0.23723723723723725
0 0.589 0.6771771771771772 0.442 0.6456456456456456
0 0.226 0.5465465465465466 0.292 0.5465465465465466
