18 0.454 0.6533333333333333 0.44 0.24533333333333332
18 0.307 0.84 0.61 0.31466666666666665
0 0.654 0.4053333333333333 0.252 0.3253333333333333
0 0.758 0.5853333333333334 0.32 0.6853333333333333
0 0.799 0.6386666666666667 0.402 0.7226666666666667
0 0.466 0.41733333333333333 0.072 0.15733333333333333
0 0.391 0.4093333333333333 0.126 0.28
0 0.308 0.44 0.236 0.352
0 0.127 0.484 0.226 0.4666666666666667
0 0.445 0.2 0.118 0.25066666666666665
0 0.606 0.21066666666666667 0.052 0.112
0 0.554 0.096 0.036 0.064
0 0.735 0.21333333333333335 0.038 0.07466666666666667
0 0.77 0.21733333333333332 0.036 0.072
0 0.758 0.11733333333333333 0.02 0.042666666666666665
0 0.066 0.21466666666666667 0.036 0.12
