4 0.904 0.48133333333333334 0.128 0.20533333333333334
4 0.03 0.804 0.056 0.21066666666666667
4 0.017 0.43333333333333335 0.03 0.2
0 0.188 0.832 0.16 0.336
0 0.309 0.78 0.142 0.42933333333333334
0 0.477 0.7773333333333333 0.166 0.44533333333333336
0 0.584 0.816 0.136 0.368
0 0.719 0.792 0.226 0.416
0 0.229 0.532 0.142 0.34933333333333333
0 0.366 0.496 0.124 0.2826666666666667
0 0.467 0.5026666666666667 0.094 0.28
0 0.561 0.5013333333333333 0.094 0.26666666666666666
0 0.644 0.49866666666666665 0.116 0.288
0 0.728 0.5226666666666666 0.12 0.3466666666666667
7 0.585 0.612 0.398 0.38666666666666666
2 0.107 0.6893333333333334 0.15 0.49333333333333335
2 0.902 0.7 0.196 0.47733333333333333
