3 0.4693333333333333 0.425 0.432 0.418
3 0.032 0.087 0.058666666666666666 0.17
3 0.16266666666666665 0.175 0.32 0.346
3 0.38 0.198 0.41333333333333333 0.392
3 0.688 0.15 0.448 0.296
3 0.888 0.137 0.224 0.27
3 0.07066666666666667 0.444 0.136 0.284
3 0.7933333333333333 0.412 0.41333333333333333 0.368
3 0.09733333333333333 0.796 0.18933333333333333 0.376
3 0.21333333333333335 0.779 0.3626666666666667 0.442
3 0.5386666666666666 0.747 0.44266666666666665 0.41
3 0.392 0.958 0.304 0.084
3 0.6786666666666666 0.93 0.32266666666666666 0.14
3 0.9106666666666666 0.902 0.17866666666666667 0.196
3 0.8053333333333333 0.706 0.3893333333333333 0.392
