4 0.048 0.196 0.09066666666666667 0.1
4 0.22533333333333333 0.123 0.13066666666666665 0.138
4 0.7146666666666667 0.228 0.08533333333333333 0.068
4 0.7546666666666667 0.177 0.224 0.162
0 0.4533333333333333 0.585 0.224 0.39
0 0.688 0.09 0.064 0.044
0 0.7773333333333333 0.094 0.06133333333333333 0.048
0 0.8746666666666667 0.098 0.058666666666666666 0.044
2 0.864 0.146 0.058666666666666666 0.092
0 0.16666666666666666 0.046 0.04533333333333334 0.056
2 0.13866666666666666 0.099 0.08 0.118
2 0.37866666666666665 0.115 0.058666666666666666 0.094
2 0.44533333333333336 0.094 0.048 0.048
