18 0.502 0.7386666666666667 0.672 0.39466666666666667
2 0.128 0.616 0.056 0.208
2 0.178 0.6346666666666667 0.076 0.23466666666666666
2 0.248 0.664 0.088 0.272
2 0.359 0.7013333333333334 0.154 0.32
2 0.506 0.76 0.196 0.4053333333333333
2 0.335 0.524 0.066 0.056
2 0.405 0.5306666666666666 0.082 0.064
2 0.507 0.536 0.082 0.06933333333333333
2 0.614 0.5453333333333333 0.132 0.07733333333333334
2 0.781 0.5853333333333334 0.118 0.14133333333333334
2 0.851 0.6786666666666666 0.286 0.6426666666666667
