1 0.476 0.612 0.908 0.5733333333333334
1 0.62 0.312 0.264 0.22933333333333333
1 0.069 0.33866666666666667 0.13 0.192
1 0.822 0.2653333333333333 0.148 0.12
0 0.286 0.2693333333333333 0.044 0.17066666666666666
0 0.343 0.27066666666666667 0.034 0.15733333333333333
0 0.961 0.372 0.078 0.456
0 0.149 0.2853333333333333 0.026 0.208
0 0.821 0.23733333333333334 0.038 0.15466666666666667
0 0.908 0.28 0.052 0.23466666666666666
0 0.441 0.25866666666666666 0.03 0.144
0 0.481 0.25333333333333335 0.034 0.144
