4 0.798 0.516042780748663 0.04 0.1657754010695187
4 0.177 0.5762032085561497 0.054 0.06149732620320856
2 0.825 0.7112299465240641 0.098 0.18181818181818182
2 0.553 0.713903743315508 0.118 0.1925133689839572
2 0.382 0.8221925133689839 0.204 0.3502673796791444
2 0.369 0.8743315508021391 0.218 0.24598930481283424
2 0.63 0.9371657754010695 0.208 0.12032085561497326
2 0.145 0.7165775401069518 0.166 0.2620320855614973
2 0.417 0.6336898395721925 0.118 0.19786096256684493
2 0.124 0.5802139037433155 0.084 0.13903743315508021
18 0.688 0.8877005347593583 0.54 0.2192513368983957
7 0.288 0.589572192513369 0.236 0.18449197860962566
