3 0.558 0.7822822822822822 0.364 0.43543543543543545
3 0.695 0.5795795795795796 0.35 0.8408408408408409
3 0.87 0.6471471471471472 0.26 0.7057057057057057
3 0.82 0.22822822822822822 0.304 0.45045045045045046
3 0.419 0.5 0.294 0.993993993993994
3 0.201 0.6546546546546547 0.358 0.6906906906906907
3 0.207 0.7912912912912913 0.286 0.4174174174174174
3 0.102 0.3588588588588589 0.2 0.7117117117117117
3 0.244 0.18018018018018017 0.192 0.35435435435435436
3 0.591 0.23573573573573572 0.21 0.46546546546546547
