15 0.251 0.9546666666666667 0.294 0.09066666666666667
15 0.078 0.884 0.152 0.232
15 0.879 0.872 0.182 0.23466666666666666
15 0.954 0.816 0.092 0.25066666666666665
15 0.881 0.6613333333333333 0.238 0.26666666666666666
15 0.961 0.528 0.074 0.096
15 0.869 0.5173333333333333 0.062 0.042666666666666665
15 0.709 0.6373333333333333 0.254 0.2826666666666667
15 0.731 0.48533333333333334 0.074 0.07466666666666667
15 0.639 0.548 0.146 0.152
15 0.309 0.3546666666666667 0.218 0.432
15 0.123 0.404 0.242 0.43466666666666665
15 0.061 0.09866666666666667 0.118 0.07466666666666667
15 0.578 0.8373333333333334 0.384 0.3253333333333333
15 0.086 0.168 0.168 0.10133333333333333
15 0.172 0.19466666666666665 0.14 0.08
