10 0.404 0.7773333333333333 0.308 0.2906666666666667
10 0.598 0.7986666666666666 0.1 0.056
10 0.044 0.688 0.084 0.2773333333333333
10 0.381 0.4826666666666667 0.646 0.3413333333333333
10 0.876 0.7826666666666666 0.104 0.056
10 0.285 0.7533333333333333 0.122 0.12533333333333332
10 0.574 0.6746666666666666 0.096 0.13333333333333333
10 0.682 0.7053333333333334 0.096 0.056
10 0.657 0.6546666666666666 0.11 0.06133333333333333
10 0.782 0.772 0.108 0.056
10 0.962 0.7653333333333333 0.076 0.048
