15 0.707 0.4146666666666667 0.09 0.072
15 0.568 0.41333333333333333 0.08 0.08533333333333333
15 0.303 0.43333333333333335 0.078 0.06666666666666667
15 0.4 0.43466666666666665 0.056 0.06933333333333333
15 0.944 0.4013333333333333 0.068 0.07733333333333334
15 0.114 0.37733333333333335 0.068 0.056
15 0.244 0.36933333333333335 0.072 0.050666666666666665
15 0.272 0.38666666666666666 0.052 0.064
15 0.308 0.37066666666666664 0.052 0.058666666666666666
15 0.496 0.36933333333333335 0.052 0.050666666666666665
15 0.581 0.364 0.026 0.06133333333333333
15 0.526 0.31066666666666665 0.02 0.04533333333333334
15 0.579 0.34 0.042 0.04533333333333334
15 0.563 0.324 0.038 0.056
