0 0.093 0.43866666666666665 0.182 0.17333333333333334
0 0.127 0.4573333333333333 0.25 0.5306666666666666
0 0.624 0.68 0.752 0.64
0 0.928 0.6653333333333333 0.144 0.632
0 0.726 0.31466666666666665 0.172 0.208
0 0.508 0.364 0.212 0.30666666666666664
0 0.632 0.3626666666666667 0.168 0.39466666666666667
3 0.239 0.824 0.062 0.26666666666666666
3 0.33 0.852 0.064 0.17333333333333334
3 0.5 0.5906666666666667 0.048 0.17866666666666667
3 0.365 0.6213333333333333 0.078 0.304
3 0.458 0.5106666666666667 0.044 0.168
18 0.527 0.6813333333333333 0.946 0.6373333333333333
