18 0.719 0.7311827956989247 0.562 0.5376344086021505
18 0.399 0.4166666666666667 0.39 0.25806451612903225
2 0.5 0.6989247311827957 0.252 0.6021505376344086
2 0.576 0.4731182795698925 0.112 0.1827956989247312
2 0.684 0.4435483870967742 0.088 0.15591397849462366
2 0.769 0.42876344086021506 0.07 0.12634408602150538
2 0.83 0.8010752688172043 0.34 0.3978494623655914
2 0.903 0.8629032258064516 0.194 0.27419354838709675
2 0.195 0.41935483870967744 0.054 0.25268817204301075
2 0.271 0.43951612903225806 0.13 0.28763440860215056
2 0.371 0.4543010752688172 0.122 0.27419354838709675
2 0.48 0.3575268817204301 0.068 0.10215053763440861
2 0.551 0.3467741935483871 0.07 0.0913978494623656
