18 0.733 0.8386666666666667 0.534 0.32266666666666666
0 0.189 0.6613333333333333 0.178 0.6773333333333333
0 0.399 0.7346666666666667 0.178 0.5306666666666666
0 0.905 0.74 0.19 0.3333333333333333
0 0.833 0.7253333333333334 0.102 0.15466666666666667
0 0.706 0.7 0.112 0.16266666666666665
0 0.67 0.6666666666666666 0.08 0.13866666666666666
0 0.682 0.552 0.12 0.33066666666666666
0 0.572 0.6253333333333333 0.08 0.136
0 0.574 0.596 0.112 0.2
0 0.504 0.5893333333333334 0.076 0.144
0 0.463 0.5733333333333334 0.07 0.128
0 0.424 0.5226666666666666 0.044 0.10133333333333333
0 0.229 0.4653333333333333 0.07 0.152
0 0.121 0.5773333333333334 0.05 0.264
0 0.047 0.5333333333333333 0.09 0.112
0 0.021 0.5826666666666667 0.038 0.13066666666666665
18 0.052 0.8653333333333333 0.1 0.2693333333333333
18 0.054 0.6586666666666666 0.104 0.16533333333333333
18 0.49 0.7653333333333333 0.072 0.2613333333333333
