3 0.568 0.6082887700534759 0.208 0.21657754010695188
0 0.369 0.5922459893048129 0.594 0.8155080213903744
0 0.722 0.5975935828877005 0.3 0.6016042780748663
3 0.398 0.11229946524064172 0.028 0.12299465240641712
3 0.372 0.10828877005347594 0.024 0.12566844919786097
3 0.343 0.10962566844919786 0.026 0.12299465240641712
3 0.314 0.10294117647058823 0.028 0.12032085561497326
3 0.284 0.10160427807486631 0.024 0.12299465240641712
3 0.258 0.10026737967914438 0.028 0.13101604278074866
3 0.226 0.0962566844919786 0.036 0.13368983957219252
3 0.197 0.0962566844919786 0.03 0.13368983957219252
3 0.166 0.09090909090909091 0.028 0.12834224598930483
3 0.134 0.09358288770053476 0.028 0.12834224598930483
3 0.086 0.08823529411764706 0.036 0.12834224598930483
3 0.052 0.08689839572192513 0.032 0.12566844919786097
3 0.015 0.09090909090909091 0.026 0.12299465240641712
3 0.286 0.23529411764705882 0.02 0.06951871657754011
3 0.257 0.2580213903743315 0.022 0.12566844919786097
3 0.228 0.25668449197860965 0.028 0.13368983957219252
3 0.198 0.2580213903743315 0.028 0.12566844919786097
3 0.169 0.25133689839572193 0.034 0.1443850267379679
3 0.137 0.24866310160427807 0.034 0.1497326203208556
3 0.089 0.24732620320855614 0.03 0.15240641711229946
3 0.056 0.2540106951871658 0.032 0.13903743315508021
3 0.062 0.36764705882352944 0.028 0.045454545454545456
3 0.089 0.3716577540106952 0.03 0.0427807486631016
3 0.134 0.3770053475935829 0.028 0.0427807486631016
3 0.158 0.36764705882352944 0.028 0.045454545454545456
3 0.182 0.37032085561497324 0.028 0.045454545454545456
3 0.208 0.37032085561497324 0.032 0.045454545454545456
3 0.236 0.37032085561497324 0.032 0.045454545454545456
3 0.067 0.4505347593582888 0.034 0.05614973262032086
3 0.085 0.5280748663101604 0.034 0.06684491978609626
18 0.608 0.9064171122994652 0.784 0.18716577540106952
3 0.054 0.733957219251337 0.044 0.12566844919786097
3 0.024 0.7941176470588235 0.044 0.09090909090909091
3 0.143 0.43983957219251335 0.034 0.06684491978609626
0 0.027 0.4852941176470588 0.05 0.5588235294117647
