1 0.106 0.5613333333333334 0.204 0.136
1 0.122 0.5773333333333334 0.168 0.10933333333333334
0 0.827 0.564 0.054 0.312
4 0.748 0.596 0.184 0.376
0 0.612 0.564 0.152 0.648
0 0.395 0.5666666666666667 0.118 0.488
0 0.492 0.588 0.156 0.6106666666666667
0 0.339 0.5533333333333333 0.082 0.17866666666666667
4 0.166 0.6293333333333333 0.108 0.15466666666666667
0 0.248 0.6053333333333333 0.092 0.256
0 0.288 0.5213333333333333 0.052 0.168
0 0.228 0.5013333333333333 0.056 0.112
0 0.155 0.5066666666666667 0.058 0.13866666666666666
0 0.102 0.528 0.052 0.20266666666666666
