3 0.481 0.804 0.09 0.248
2 0.092 0.4266666666666667 0.18 0.2986666666666667
2 0.16 0.384 0.128 0.23466666666666666
2 0.614 0.27066666666666667 0.084 0.14133333333333334
2 0.71 0.352 0.156 0.26666666666666666
2 0.703 0.39066666666666666 0.142 0.2906666666666667
2 0.971 0.2866666666666667 0.042 0.09866666666666667
2 0.231 0.6093333333333333 0.106 0.17333333333333334
2 0.353 0.544 0.066 0.18133333333333335
0 0.191 0.2853333333333333 0.23 0.3893333333333333
0 0.395 0.16533333333333333 0.138 0.18133333333333335
0 0.362 0.336 0.204 0.43733333333333335
18 0.253 0.3893333333333333 0.226 0.32
18 0.843 0.32266666666666666 0.286 0.23466666666666666
0 0.675 0.26 0.126 0.34933333333333333
0 0.165 0.6773333333333333 0.326 0.6453333333333333
0 0.496 0.4026666666666667 0.28 0.45866666666666667
0 0.874 0.412 0.252 0.47733333333333333
18 0.6 0.7826666666666666 0.8 0.43466666666666665
