3 0.674 0.7146666666666667 0.048 0.15466666666666667
18 0.474 0.7053333333333334 0.688 0.5893333333333334
0 0.205 0.6373333333333333 0.306 0.688
0 0.335 0.4026666666666667 0.178 0.2773333333333333
0 0.513 0.332 0.174 0.25333333333333335
0 0.755 0.58 0.49 0.6106666666666667
0 0.692 0.31466666666666665 0.14 0.19733333333333333
2 0.132 0.7226666666666667 0.26 0.512
2 0.077 0.9426666666666667 0.15 0.11466666666666667
2 0.862 0.9413333333333334 0.276 0.11733333333333333
2 0.97 0.48 0.06 0.224
