3 0.593 0.1723684210526316 0.058 0.034210526315789476
7 0.478 0.7934210526315789 0.952 0.4131578947368421
3 0.016 0.4381578947368421 0.028 0.17105263157894737
0 0.281 0.7157894736842105 0.318 0.5684210526315789
0 0.527 0.6605263157894737 0.254 0.6789473684210526
0 0.801 0.7039473684210527 0.398 0.5921052631578947
0 0.174 0.3118421052631579 0.224 0.618421052631579
0 0.338 0.3078947368421053 0.216 0.4421052631578947
0 0.576 0.34210526315789475 0.26 0.5526315789473685
0 0.726 0.30657894736842106 0.096 0.26052631578947366
0 0.828 0.3881578947368421 0.228 0.6394736842105263
0 0.968 0.5684210526315789 0.064 0.2
