15 0.569 0.6381909547738693 0.586 0.6030150753768844
15 0.618 0.14195979899497488 0.332 0.12814070351758794
15 0.771 0.09296482412060302 0.178 0.1306532663316583
15 0.939 0.135678391959799 0.078 0.18090452261306533
15 0.941 0.07035175879396985 0.118 0.11557788944723618
15 0.8 0.11809045226130653 0.112 0.12060301507537688
15 0.393 0.08542713567839195 0.122 0.06532663316582915
15 0.609 0.08793969849246232 0.182 0.05025125628140704
15 0.635 0.0414572864321608 0.074 0.04773869346733668
15 0.432 0.17964824120603015 0.172 0.10804020100502512
15 0.363 0.13944723618090452 0.114 0.052763819095477386
15 0.03 0.2399497487437186 0.052 0.08793969849246232
0 0.3 0.5376884422110553 0.548 0.8844221105527639
0 0.727 0.5100502512562815 0.402 0.7035175879396985
