3 0.097 0.8066666666666666 0.122 0.38666666666666666
3 0.292 0.6093333333333333 0.068 0.2
3 0.438 0.576 0.056 0.2986666666666667
3 0.47 0.6666666666666666 0.084 0.3626666666666667
2 0.814 0.48933333333333334 0.188 0.3333333333333333
2 0.578 0.2733333333333333 0.08 0.13066666666666665
18 0.438 0.7893333333333333 0.868 0.42133333333333334
0 0.11 0.5013333333333333 0.216 0.576
0 0.663 0.39466666666666667 0.35 0.5013333333333333
0 0.795 0.5773333333333334 0.41 0.8453333333333334
0 0.809 0.17733333333333334 0.298 0.33866666666666667
0 0.866 0.09866666666666667 0.164 0.18133333333333335
0 0.634 0.1 0.148 0.19466666666666665
