1 0.246 0.2733333333333333 0.176 0.184
11 0.531 0.5933333333333334 0.938 0.8133333333333334
11 0.08 0.592 0.156 0.5973333333333334
11 0.587 0.33066666666666666 0.138 0.192
1 0.439 0.21466666666666667 0.07 0.06133333333333333
11 0.827 0.38666666666666666 0.138 0.31466666666666665
11 0.501 0.328 0.086 0.224
0 0.42 0.6493333333333333 0.232 0.7013333333333334
0 0.13 0.33066666666666666 0.188 0.4266666666666667
0 0.357 0.304 0.146 0.42133333333333334
0 0.933 0.3466666666666667 0.134 0.6826666666666666
0 0.735 0.19866666666666666 0.046 0.11466666666666667
0 0.667 0.21866666666666668 0.074 0.15466666666666667
0 0.601 0.25066666666666665 0.05 0.14933333333333335
0 0.557 0.208 0.034 0.058666666666666666
