10 0.686 0.45495495495495497 0.148 0.08108108108108109
10 0.813 0.6906906906906907 0.262 0.10810810810810811
10 0.449 0.34384384384384387 0.09 0.04504504504504504
10 0.891 0.2012012012012012 0.094 0.1981981981981982
10 0.162 0.3258258258258258 0.056 0.05105105105105105
10 0.717 0.28378378378378377 0.058 0.057057057057057055
10 0.095 0.3138138138138138 0.05 0.08708708708708708
10 0.398 0.32432432432432434 0.064 0.04804804804804805
10 0.831 0.27627627627627627 0.05 0.042042042042042045
10 0.701 0.6651651651651652 0.306 0.09309309309309309
10 0.769 0.8543543543543544 0.214 0.1831831831831832
10 0.534 0.7747747747747747 0.3 0.13213213213213212
10 0.421 0.8033033033033034 0.502 0.2012012012012012
10 0.065 0.7747747747747747 0.126 0.2222222222222222
10 0.159 0.7462462462462462 0.314 0.19519519519519518
10 0.838 0.8333333333333334 0.324 0.16516516516516516
0 0.723 0.42342342342342343 0.046 0.07807807807807808
