2 0.185 0.6706666666666666 0.294 0.232
2 0.784 0.7573333333333333 0.208 0.3893333333333333
13 0.187 0.392 0.182 0.192
0 0.939 0.6626666666666666 0.122 0.456
0 0.816 0.47733333333333333 0.116 0.32
0 0.69 0.588 0.068 0.4666666666666667
0 0.626 0.4706666666666667 0.108 0.31733333333333336
0 0.552 0.6786666666666666 0.18 0.5093333333333333
0 0.396 0.456 0.156 0.3413333333333333
0 0.361 0.7266666666666667 0.21 0.5466666666666666
0 0.24 0.49333333333333335 0.16 0.4
0 0.062 0.4093333333333333 0.12 0.312
0 0.03 0.576 0.056 0.4266666666666667
