2 0.479 0.7933333333333333 0.13 0.216
2 0.379 0.844 0.146 0.19466666666666665
2 0.238 0.812 0.14 0.20533333333333334
2 0.31 0.968 0.272 0.064
2 0.894 0.9693333333333334 0.18 0.06133333333333333
2 0.838 0.9133333333333333 0.22 0.17333333333333334
2 0.756 0.8906666666666667 0.136 0.21866666666666668
2 0.72 0.8453333333333334 0.16 0.22933333333333333
2 0.665 0.7973333333333333 0.106 0.18666666666666668
2 0.049 0.7226666666666667 0.094 0.18666666666666668
18 0.819 0.784 0.118 0.11733333333333333
18 0.893 0.828 0.134 0.14666666666666667
18 0.951 0.92 0.098 0.16
7 0.812 0.7213333333333334 0.376 0.17866666666666667
7 0.337 0.6986666666666667 0.358 0.112
2 0.045 0.668 0.07 0.072
