9 0.934 0.5746666666666667 0.132 0.18933333333333333
9 0.729 0.5733333333333334 0.274 0.29333333333333333
9 0.31 0.6373333333333333 0.132 0.384
9 0.11 0.5453333333333333 0.088 0.136
9 0.407 0.5146666666666667 0.086 0.09066666666666667
9 0.5 0.5146666666666667 0.068 0.08
9 0.466 0.6026666666666667 0.148 0.14933333333333335
9 0.456 0.5146666666666667 0.08 0.096
0 0.026 0.5573333333333333 0.048 0.17066666666666666
0 0.307 0.444 0.13 0.344
0 0.458 0.5786666666666667 0.044 0.22933333333333333
0 0.981 0.476 0.038 0.22133333333333333
0 0.702 0.4693333333333333 0.06 0.24
0 0.112 0.5133333333333333 0.044 0.12
0 0.413 0.49066666666666664 0.038 0.10133333333333333
0 0.493 0.49333333333333335 0.03 0.11733333333333333
0 0.749 0.424 0.038 0.064
0 0.777 0.41333333333333333 0.026 0.05333333333333334
