1 0.13593750000000002 0.006250000000000008 0.0078125 0.00625 0.007812500000000033 0.5390625 0.13593750000000004 0.5390625
1 0.275 0.007812500000000024 0.140625 0.007812500000000017 0.14062500000000003 0.5375 0.2750000000000001 0.5375
1 0.4375 0.017187500000000046 0.2984375 0.01718750000000004 0.2984375 0.5421875 0.4375 0.5421875
1 0.5734375 6.218909526920153e-17 0.4421875 5.415235064979703e-17 0.4421875 0.553125 0.5734375 0.553125
1 0.7125 0.01718750000000008 0.5875 0.01718750000000007 0.5875 0.534375 0.7125 0.534375
1 0.86875 0.015625000000000097 0.7296875 0.01562500000000009 0.7296875 0.5281250000000002 0.86875 0.5281250000000002
1 0.9953125 0.012500000000000113 0.8765625 0.012500000000000105 0.8765625 0.5390625000000002 0.9953125 0.5390625000000002
1 0.13750000000000012 0.553125 0.006250000000000066 0.553125 0.006250000000000094 0.9921875 0.13750000000000012 0.9921875
1 0.3000000000000001 0.55625 0.15625000000000008 0.55625 0.1562500000000001 0.9984375 0.3000000000000001 0.9984375
1 0.4515625000000001 0.553125 0.30937500000000007 0.553125 0.30937500000000007 0.9953125 0.4515625000000002 0.9953125
1 0.5921875000000001 0.5453125 0.4578125 0.5453125 0.45781250000000007 0.996875 0.5921875000000002 0.996875
1 0.7515625000000001 0.5453125000000001 0.6046875 0.5453125 0.6046875 0.996875 0.7515625000000001 0.996875
1 0.878125 0.5468750000000002 0.7515625 0.5468750000000002 0.7515625000000001 0.996875 0.878125 0.996875
1 0.9984375 0.5468750000000002 0.8796875 0.5468750000000002 0.8796875 1 0.9984375 1
